0.00000E+0	0.00000E+0
4.16782E-2	7.93461E-4
8.33565E-2	7.62943E-4
1.25035E-1	7.62943E-4
1.66713E-1	7.32426E-4
2.08391E-1	6.71390E-4
2.50069E-1	6.40873E-4
2.91748E-1	6.10355E-4
3.33426E-1	5.49320E-4
3.75104E-1	5.18803E-4
4.16782E-1	4.57766E-4
4.58461E-1	4.27248E-4
5.00139E-1	4.27248E-4
5.41817E-1	3.96730E-4
5.83495E-1	3.66213E-4
6.25174E-1	3.35695E-4
6.66852E-1	3.05178E-4
7.08530E-1	2.74660E-4
7.50208E-1	2.74660E-4
7.91887E-1	2.44142E-4
8.33565E-1	2.13624E-4
8.75243E-1	2.13624E-4
9.16921E-1	1.83106E-4
9.58600E-1	1.83106E-4
1.00028E+0	1.83106E-4
1.04196E+0	1.52589E-4
1.08363E+0	1.22071E-4
1.12531E+0	1.22071E-4
1.16699E+0	1.22071E-4
1.20867E+0	9.15532E-5
1.25035E+0	9.15532E-5
1.29203E+0	9.15532E-5
1.33370E+0	9.15532E-5
1.37538E+0	9.15532E-5
1.41706E+0	9.15532E-5
1.45874E+0	9.15532E-5
1.50042E+0	9.15532E-5
1.54210E+0	6.10356E-5
1.58377E+0	6.10356E-5
1.62545E+0	6.10356E-5
1.66713E+0	6.10356E-5
1.70881E+0	6.10356E-5
1.75049E+0	6.10356E-5
1.79216E+0	6.10356E-5
1.83384E+0	3.05178E-5
1.87552E+0	3.05178E-5
1.91720E+0	3.05178E-5
1.95888E+0	3.05178E-5
2.00056E+0	3.05178E-5
2.04223E+0	3.05178E-5
2.08391E+0	3.05178E-5
2.12559E+0	3.05178E-5
2.16727E+0	3.05178E-5
2.20895E+0	3.05178E-5
2.25063E+0	3.05178E-5
2.29230E+0	3.05178E-5
2.33398E+0	3.05178E-5
2.37566E+0	3.05178E-5
2.41734E+0	3.05178E-5
2.45902E+0	3.05178E-5
2.50069E+0	3.05178E-5
2.54237E+0	3.05178E-5
2.58405E+0	3.05178E-5
2.62573E+0	3.05178E-5
2.66741E+0	3.05178E-5
2.70909E+0	0.00000E+0
2.75076E+0	0.00000E+0
2.79244E+0	0.00000E+0
2.83412E+0	0.00000E+0
2.87580E+0	0.00000E+0
2.91748E+0	0.00000E+0
2.95916E+0	0.00000E+0
3.00083E+0	0.00000E+0
3.04251E+0	0.00000E+0
3.08419E+0	0.00000E+0
3.12587E+0	0.00000E+0
3.16755E+0	0.00000E+0
3.20922E+0	0.00000E+0
3.25090E+0	0.00000E+0
3.29258E+0	0.00000E+0
3.33426E+0	0.00000E+0
3.37594E+0	0.00000E+0
3.41762E+0	0.00000E+0
3.45929E+0	0.00000E+0
3.50097E+0	0.00000E+0
3.54265E+0	0.00000E+0
3.58433E+0	0.00000E+0
3.62601E+0	0.00000E+0
3.66769E+0	0.00000E+0
3.70936E+0	0.00000E+0
3.75104E+0	0.00000E+0
3.79272E+0	0.00000E+0
3.83440E+0	0.00000E+0
3.87608E+0	0.00000E+0
3.91775E+0	0.00000E+0
3.95943E+0	0.00000E+0
4.00111E+0	0.00000E+0
4.04279E+0	0.00000E+0
4.08447E+0	0.00000E+0
4.12615E+0	0.00000E+0
4.16782E+0	0.00000E+0
4.20950E+0	0.00000E+0
4.25118E+0	0.00000E+0
4.29286E+0	0.00000E+0
4.33454E+0	0.00000E+0
4.37622E+0	0.00000E+0
4.41789E+0	0.00000E+0
4.45957E+0	0.00000E+0
4.50125E+0	0.00000E+0
4.54293E+0	0.00000E+0
4.58461E+0	0.00000E+0
4.62629E+0	0.00000E+0
4.66796E+0	0.00000E+0
4.70964E+0	0.00000E+0
4.75132E+0	0.00000E+0
4.79300E+0	0.00000E+0
4.83468E+0	0.00000E+0
4.87635E+0	0.00000E+0
4.91803E+0	0.00000E+0
4.95971E+0	0.00000E+0
5.00139E+0	0.00000E+0
5.04307E+0	0.00000E+0
5.08475E+0	0.00000E+0
5.12642E+0	0.00000E+0
5.16810E+0	0.00000E+0
5.20978E+0	0.00000E+0
5.25146E+0	0.00000E+0
5.29314E+0	0.00000E+0
5.33482E+0	0.00000E+0
5.37649E+0	0.00000E+0
5.41817E+0	0.00000E+0
5.45985E+0	0.00000E+0
5.50153E+0	0.00000E+0
5.54321E+0	0.00000E+0
5.58488E+0	0.00000E+0
5.62656E+0	0.00000E+0
5.66824E+0	0.00000E+0
5.70992E+0	0.00000E+0
5.75160E+0	0.00000E+0
5.79328E+0	0.00000E+0
5.83495E+0	0.00000E+0
5.87663E+0	0.00000E+0
5.91831E+0	0.00000E+0
5.95999E+0	0.00000E+0
6.00167E+0	0.00000E+0
6.04335E+0	0.00000E+0
6.08502E+0	0.00000E+0
6.12670E+0	0.00000E+0
6.16838E+0	0.00000E+0
6.21006E+0	0.00000E+0
6.25174E+0	0.00000E+0
6.29341E+0	0.00000E+0
6.33509E+0	0.00000E+0
6.37677E+0	0.00000E+0
6.41845E+0	0.00000E+0
6.46013E+0	0.00000E+0
6.50181E+0	0.00000E+0
6.54348E+0	0.00000E+0
6.58516E+0	0.00000E+0
6.62684E+0	0.00000E+0
6.66852E+0	0.00000E+0
6.71020E+0	0.00000E+0
6.75188E+0	0.00000E+0
6.79355E+0	0.00000E+0
6.83523E+0	0.00000E+0
6.87691E+0	0.00000E+0
6.91859E+0	0.00000E+0
6.96027E+0	0.00000E+0
7.00194E+0	0.00000E+0
7.04362E+0	0.00000E+0
7.08530E+0	0.00000E+0
7.12698E+0	0.00000E+0
7.16866E+0	0.00000E+0
7.21034E+0	0.00000E+0
7.25201E+0	0.00000E+0
7.29369E+0	0.00000E+0
7.33537E+0	0.00000E+0
7.37705E+0	0.00000E+0
7.41873E+0	0.00000E+0
7.46041E+0	0.00000E+0
7.50208E+0	0.00000E+0
7.54376E+0	0.00000E+0
7.58544E+0	0.00000E+0
7.62712E+0	0.00000E+0
7.66880E+0	0.00000E+0
7.71048E+0	0.00000E+0
7.75215E+0	0.00000E+0
7.79383E+0	0.00000E+0
7.83551E+0	0.00000E+0
7.87719E+0	0.00000E+0
7.91887E+0	0.00000E+0
7.96054E+0	0.00000E+0
8.00222E+0	0.00000E+0
8.04390E+0	0.00000E+0
8.08558E+0	0.00000E+0
8.12726E+0	0.00000E+0
8.16894E+0	0.00000E+0
8.21061E+0	0.00000E+0
8.25229E+0	0.00000E+0
8.29397E+0	0.00000E+0
8.33565E+0	0.00000E+0
8.37733E+0	0.00000E+0
8.41901E+0	0.00000E+0
8.46068E+0	0.00000E+0
8.50236E+0	0.00000E+0
8.54404E+0	0.00000E+0
8.58572E+0	0.00000E+0
8.62740E+0	0.00000E+0
8.66907E+0	0.00000E+0
8.71075E+0	0.00000E+0
8.75243E+0	0.00000E+0
8.79411E+0	0.00000E+0
8.83579E+0	0.00000E+0
8.87747E+0	0.00000E+0
8.91914E+0	0.00000E+0
8.96082E+0	0.00000E+0
9.00250E+0	0.00000E+0
9.04418E+0	0.00000E+0
9.08586E+0	0.00000E+0
9.12754E+0	0.00000E+0
9.16921E+0	0.00000E+0
9.21089E+0	0.00000E+0
9.25257E+0	0.00000E+0
9.29425E+0	0.00000E+0
9.33593E+0	0.00000E+0
9.37760E+0	0.00000E+0
9.41928E+0	0.00000E+0
9.46096E+0	0.00000E+0
9.50264E+0	0.00000E+0
9.54432E+0	0.00000E+0
9.58600E+0	0.00000E+0
9.62767E+0	0.00000E+0
9.66935E+0	0.00000E+0
9.71103E+0	0.00000E+0
9.75271E+0	0.00000E+0
9.79439E+0	0.00000E+0
9.83607E+0	0.00000E+0
9.87774E+0	0.00000E+0
9.91942E+0	0.00000E+0
9.96110E+0	0.00000E+0
1.00028E+1	0.00000E+0
1.00445E+1	0.00000E+0
1.00861E+1	0.00000E+0
1.01278E+1	0.00000E+0
1.01695E+1	0.00000E+0
1.02112E+1	0.00000E+0
1.02528E+1	0.00000E+0
1.02945E+1	0.00000E+0
1.03362E+1	0.00000E+0
1.03779E+1	0.00000E+0
1.04196E+1	0.00000E+0
1.04612E+1	0.00000E+0
1.05029E+1	0.00000E+0
1.05446E+1	0.00000E+0
1.05863E+1	0.00000E+0
1.06280E+1	0.00000E+0
1.06696E+1	0.00000E+0
1.07113E+1	0.00000E+0
1.07530E+1	0.00000E+0
1.07947E+1	0.00000E+0
1.08363E+1	0.00000E+0
1.08780E+1	0.00000E+0
1.09197E+1	0.00000E+0
1.09614E+1	0.00000E+0
1.10031E+1	0.00000E+0
1.10447E+1	0.00000E+0
1.10864E+1	0.00000E+0
1.11281E+1	0.00000E+0
1.11698E+1	0.00000E+0
1.12114E+1	0.00000E+0
1.12531E+1	0.00000E+0
1.12948E+1	0.00000E+0
1.13365E+1	0.00000E+0
1.13782E+1	0.00000E+0
1.14198E+1	0.00000E+0
1.14615E+1	0.00000E+0
1.15032E+1	0.00000E+0
1.15449E+1	0.00000E+0
1.15866E+1	0.00000E+0
1.16282E+1	0.00000E+0
1.16699E+1	0.00000E+0
1.17116E+1	0.00000E+0
1.17533E+1	0.00000E+0
1.17949E+1	0.00000E+0
1.18366E+1	0.00000E+0
1.18783E+1	0.00000E+0
1.19200E+1	0.00000E+0
1.19617E+1	0.00000E+0
1.20033E+1	0.00000E+0
1.20450E+1	0.00000E+0
1.20867E+1	0.00000E+0
1.21284E+1	0.00000E+0
1.21700E+1	0.00000E+0
1.22117E+1	0.00000E+0
1.22534E+1	0.00000E+0
1.22951E+1	0.00000E+0
1.23368E+1	0.00000E+0
1.23784E+1	0.00000E+0
1.24201E+1	0.00000E+0
1.24618E+1	0.00000E+0
1.25035E+1	0.00000E+0
1.25452E+1	0.00000E+0
1.25868E+1	0.00000E+0
1.26285E+1	0.00000E+0
1.26702E+1	0.00000E+0
1.27119E+1	0.00000E+0
1.27535E+1	0.00000E+0
1.27952E+1	0.00000E+0
1.28369E+1	0.00000E+0
1.28786E+1	0.00000E+0
1.29203E+1	0.00000E+0
1.29619E+1	0.00000E+0
1.30036E+1	0.00000E+0
1.30453E+1	0.00000E+0
1.30870E+1	0.00000E+0
1.31286E+1	0.00000E+0
1.31703E+1	0.00000E+0
1.32120E+1	0.00000E+0
1.32537E+1	0.00000E+0
1.32954E+1	0.00000E+0
1.33370E+1	0.00000E+0
1.33787E+1	0.00000E+0
1.34204E+1	0.00000E+0
1.34621E+1	0.00000E+0
1.35038E+1	0.00000E+0
1.35454E+1	0.00000E+0
1.35871E+1	0.00000E+0
1.36288E+1	0.00000E+0
1.36705E+1	0.00000E+0
1.37121E+1	0.00000E+0
1.37538E+1	0.00000E+0
1.37955E+1	0.00000E+0
1.38372E+1	0.00000E+0
1.38789E+1	0.00000E+0
1.39205E+1	3.05178E-5
1.39622E+1	3.05178E-5
1.40039E+1	3.05178E-5
1.40456E+1	3.05178E-5
1.40872E+1	3.05178E-5
1.41289E+1	3.05178E-5
1.41706E+1	3.05178E-5
1.42123E+1	0.00000E+0
1.42540E+1	3.05178E-5
1.42956E+1	0.00000E+0
1.43373E+1	6.10356E-5
1.43790E+1	6.10356E-5
1.44207E+1	6.10356E-5
1.44624E+1	9.15532E-5
1.45040E+1	6.10356E-5
1.45457E+1	3.05178E-5
1.45874E+1	6.10356E-5
1.46291E+1	3.05178E-5
1.46707E+1	3.05178E-5
1.47124E+1	3.05178E-5
1.47541E+1	0.00000E+0
1.47958E+1	3.05178E-5
1.48375E+1	3.05178E-5
1.48791E+1	0.00000E+0
1.49208E+1	0.00000E+0
1.49625E+1	3.05178E-5
1.50042E+1	0.00000E+0
1.50458E+1	0.00000E+0
1.50875E+1	0.00000E+0
1.51292E+1	0.00000E+0
1.51709E+1	0.00000E+0
1.52126E+1	0.00000E+0
1.52542E+1	0.00000E+0
1.52959E+1	0.00000E+0
1.53376E+1	0.00000E+0
1.53793E+1	0.00000E+0
1.54210E+1	0.00000E+0
1.54626E+1	0.00000E+0
1.55043E+1	0.00000E+0
1.55460E+1	0.00000E+0
1.55877E+1	0.00000E+0
1.56293E+1	0.00000E+0
1.56710E+1	0.00000E+0
1.57127E+1	0.00000E+0
1.57544E+1	0.00000E+0
1.57961E+1	0.00000E+0
1.58377E+1	0.00000E+0
1.58794E+1	0.00000E+0
1.59211E+1	0.00000E+0
1.59628E+1	0.00000E+0
1.60044E+1	0.00000E+0
1.60461E+1	0.00000E+0
1.60878E+1	0.00000E+0
1.61295E+1	0.00000E+0
1.61712E+1	0.00000E+0
1.62128E+1	0.00000E+0
1.62545E+1	0.00000E+0
1.62962E+1	0.00000E+0
1.63379E+1	0.00000E+0
1.63795E+1	0.00000E+0
1.64212E+1	0.00000E+0
1.64629E+1	0.00000E+0
1.65046E+1	0.00000E+0
1.65463E+1	0.00000E+0
1.65879E+1	0.00000E+0
1.66296E+1	0.00000E+0
1.66713E+1	0.00000E+0
1.67130E+1	0.00000E+0
1.67547E+1	0.00000E+0
1.67963E+1	0.00000E+0
1.68380E+1	0.00000E+0
1.68797E+1	0.00000E+0
1.69214E+1	0.00000E+0
1.69630E+1	0.00000E+0
1.70047E+1	0.00000E+0
1.70464E+1	0.00000E+0
1.70881E+1	0.00000E+0
1.71298E+1	0.00000E+0
1.71714E+1	0.00000E+0
1.72131E+1	0.00000E+0
1.72548E+1	0.00000E+0
1.72965E+1	0.00000E+0
1.73381E+1	0.00000E+0
1.73798E+1	0.00000E+0
1.74215E+1	0.00000E+0
1.74632E+1	0.00000E+0
1.75049E+1	0.00000E+0
1.75465E+1	0.00000E+0
1.75882E+1	0.00000E+0
1.76299E+1	0.00000E+0
1.76716E+1	0.00000E+0
1.77133E+1	0.00000E+0
1.77549E+1	0.00000E+0
1.77966E+1	0.00000E+0
1.78383E+1	0.00000E+0
1.78800E+1	0.00000E+0
1.79216E+1	0.00000E+0
1.79633E+1	0.00000E+0
1.80050E+1	0.00000E+0
1.80467E+1	0.00000E+0
1.80884E+1	0.00000E+0
1.81300E+1	0.00000E+0
1.81717E+1	0.00000E+0
1.82134E+1	0.00000E+0
1.82551E+1	0.00000E+0
1.82967E+1	0.00000E+0
1.83384E+1	0.00000E+0
1.83801E+1	0.00000E+0
1.84218E+1	0.00000E+0
1.84635E+1	0.00000E+0
1.85051E+1	0.00000E+0
1.85468E+1	0.00000E+0
1.85885E+1	0.00000E+0
1.86302E+1	0.00000E+0
1.86719E+1	0.00000E+0
1.87135E+1	0.00000E+0
1.87552E+1	0.00000E+0
1.87969E+1	0.00000E+0
1.88386E+1	0.00000E+0
1.88802E+1	0.00000E+0
1.89219E+1	0.00000E+0
1.89636E+1	0.00000E+0
1.90053E+1	0.00000E+0
1.90470E+1	0.00000E+0
1.90886E+1	0.00000E+0
1.91303E+1	0.00000E+0
1.91720E+1	0.00000E+0
1.92137E+1	0.00000E+0
1.92553E+1	0.00000E+0
1.92970E+1	0.00000E+0
1.93387E+1	0.00000E+0
1.93804E+1	0.00000E+0
1.94221E+1	0.00000E+0
1.94637E+1	0.00000E+0
1.95054E+1	0.00000E+0
1.95471E+1	0.00000E+0
1.95888E+1	0.00000E+0
1.96305E+1	0.00000E+0
1.96721E+1	0.00000E+0
1.97138E+1	0.00000E+0
1.97555E+1	0.00000E+0
1.97972E+1	0.00000E+0
1.98388E+1	0.00000E+0
1.98805E+1	0.00000E+0
1.99222E+1	0.00000E+0
1.99639E+1	0.00000E+0
2.00056E+1	0.00000E+0
2.00472E+1	0.00000E+0
2.00889E+1	0.00000E+0
2.01306E+1	0.00000E+0
2.01723E+1	0.00000E+0
2.02139E+1	0.00000E+0
2.02556E+1	0.00000E+0
2.02973E+1	0.00000E+0
2.03390E+1	0.00000E+0
2.03807E+1	0.00000E+0
2.04223E+1	0.00000E+0
2.04640E+1	0.00000E+0
2.05057E+1	0.00000E+0
2.05474E+1	0.00000E+0
2.05891E+1	0.00000E+0
2.06307E+1	0.00000E+0
2.06724E+1	0.00000E+0
2.07141E+1	0.00000E+0
2.07558E+1	0.00000E+0
2.07974E+1	0.00000E+0
2.08391E+1	0.00000E+0
2.08808E+1	0.00000E+0
2.09225E+1	0.00000E+0
2.09642E+1	0.00000E+0
2.10058E+1	0.00000E+0
2.10475E+1	0.00000E+0
2.10892E+1	0.00000E+0
2.11309E+1	0.00000E+0
2.11725E+1	0.00000E+0
2.12142E+1	0.00000E+0
2.12559E+1	0.00000E+0
2.12976E+1	0.00000E+0
2.13393E+1	0.00000E+0
2.13809E+1	0.00000E+0
2.14226E+1	0.00000E+0
2.14643E+1	0.00000E+0
2.15060E+1	0.00000E+0
2.15477E+1	0.00000E+0
2.15893E+1	0.00000E+0
2.16310E+1	0.00000E+0
2.16727E+1	0.00000E+0
2.17144E+1	0.00000E+0
2.17560E+1	0.00000E+0
2.17977E+1	0.00000E+0
2.18394E+1	0.00000E+0
2.18811E+1	0.00000E+0
2.19228E+1	0.00000E+0
2.19644E+1	0.00000E+0
2.20061E+1	0.00000E+0
2.20478E+1	0.00000E+0
2.20895E+1	0.00000E+0
2.21311E+1	0.00000E+0
2.21728E+1	0.00000E+0
2.22145E+1	0.00000E+0
2.22562E+1	0.00000E+0
2.22979E+1	0.00000E+0
2.23395E+1	0.00000E+0
2.23812E+1	0.00000E+0
2.24229E+1	0.00000E+0
2.24646E+1	0.00000E+0
2.25063E+1	0.00000E+0
2.25479E+1	0.00000E+0
2.25896E+1	0.00000E+0
2.26313E+1	0.00000E+0
2.26730E+1	0.00000E+0
2.27146E+1	0.00000E+0
2.27563E+1	0.00000E+0
2.27980E+1	0.00000E+0
2.28397E+1	0.00000E+0
2.28814E+1	0.00000E+0
2.29230E+1	0.00000E+0
2.29647E+1	0.00000E+0
2.30064E+1	0.00000E+0
2.30481E+1	0.00000E+0
2.30897E+1	0.00000E+0
2.31314E+1	0.00000E+0
2.31731E+1	0.00000E+0
2.32148E+1	0.00000E+0
2.32565E+1	0.00000E+0
2.32981E+1	0.00000E+0
2.33398E+1	0.00000E+0
2.33815E+1	0.00000E+0
2.34232E+1	0.00000E+0
2.34649E+1	0.00000E+0
2.35065E+1	0.00000E+0
2.35482E+1	0.00000E+0
2.35899E+1	0.00000E+0
2.36316E+1	0.00000E+0
2.36732E+1	0.00000E+0
2.37149E+1	0.00000E+0
2.37566E+1	0.00000E+0
2.37983E+1	0.00000E+0
2.38400E+1	0.00000E+0
2.38816E+1	0.00000E+0
2.39233E+1	0.00000E+0
2.39650E+1	0.00000E+0
2.40067E+1	0.00000E+0
2.40483E+1	0.00000E+0
2.40900E+1	0.00000E+0
2.41317E+1	0.00000E+0
2.41734E+1	0.00000E+0
2.42151E+1	0.00000E+0
2.42567E+1	0.00000E+0
2.42984E+1	0.00000E+0
2.43401E+1	0.00000E+0
2.43818E+1	0.00000E+0
2.44235E+1	0.00000E+0
2.44651E+1	0.00000E+0
2.45068E+1	0.00000E+0
2.45485E+1	0.00000E+0
2.45902E+1	0.00000E+0
2.46318E+1	0.00000E+0
2.46735E+1	0.00000E+0
2.47152E+1	0.00000E+0
2.47569E+1	0.00000E+0
2.47986E+1	0.00000E+0
2.48402E+1	0.00000E+0
2.48819E+1	0.00000E+0
2.49236E+1	0.00000E+0
2.49653E+1	0.00000E+0
2.50069E+1	0.00000E+0
2.50486E+1	0.00000E+0
2.50903E+1	0.00000E+0
2.51320E+1	0.00000E+0
2.51737E+1	0.00000E+0
2.52153E+1	0.00000E+0
2.52570E+1	0.00000E+0
2.52987E+1	0.00000E+0
2.53404E+1	0.00000E+0
2.53821E+1	0.00000E+0
2.54237E+1	0.00000E+0
2.54654E+1	0.00000E+0
2.55071E+1	0.00000E+0
2.55488E+1	0.00000E+0
2.55904E+1	0.00000E+0
2.56321E+1	0.00000E+0
2.56738E+1	0.00000E+0
2.57155E+1	0.00000E+0
2.57572E+1	0.00000E+0
2.57988E+1	0.00000E+0
2.58405E+1	0.00000E+0
2.58822E+1	0.00000E+0
2.59239E+1	0.00000E+0
2.59655E+1	0.00000E+0
2.60072E+1	0.00000E+0
2.60489E+1	0.00000E+0
2.60906E+1	0.00000E+0
2.61323E+1	0.00000E+0
2.61739E+1	0.00000E+0
2.62156E+1	0.00000E+0
2.62573E+1	0.00000E+0
2.62990E+1	0.00000E+0
2.63407E+1	0.00000E+0
2.63823E+1	0.00000E+0
2.64240E+1	0.00000E+0
2.64657E+1	0.00000E+0
2.65074E+1	0.00000E+0
2.65490E+1	0.00000E+0
2.65907E+1	0.00000E+0
2.66324E+1	0.00000E+0
2.66741E+1	0.00000E+0
2.67158E+1	0.00000E+0
2.67574E+1	0.00000E+0
2.67991E+1	0.00000E+0
2.68408E+1	3.05178E-5
2.68825E+1	3.05178E-5
2.69241E+1	0.00000E+0
2.69658E+1	3.05178E-5
2.70075E+1	3.05178E-5
2.70492E+1	3.05178E-5
2.70909E+1	3.05178E-5
2.71325E+1	3.05178E-5
2.71742E+1	3.05178E-5
2.72159E+1	6.10356E-5
2.72576E+1	6.10356E-5
2.72992E+1	6.10356E-5
2.73409E+1	6.10356E-5
2.73826E+1	6.10356E-5
2.74243E+1	6.10356E-5
2.74660E+1	9.15532E-5
2.75076E+1	9.15532E-5
2.75493E+1	9.15532E-5
2.75910E+1	9.15532E-5
2.76327E+1	1.22071E-4
2.76744E+1	1.22071E-4
2.77160E+1	1.83106E-4
2.77577E+1	2.44142E-4
2.77994E+1	3.05178E-4
2.78411E+1	4.27248E-4
2.78827E+1	5.79838E-4
2.79244E+1	7.01908E-4
2.79661E+1	6.71390E-4
2.80078E+1	3.96730E-4
2.80495E+1	1.83106E-4
2.80911E+1	3.66213E-4
2.81328E+1	9.15532E-5
2.81745E+1	3.35695E-4
2.82162E+1	1.52589E-4
2.82578E+1	9.15532E-5
2.82995E+1	1.22071E-4
2.83412E+1	3.05178E-5
2.83829E+1	6.10356E-5
2.84246E+1	3.05178E-5
2.84662E+1	3.05178E-5
2.85079E+1	6.10356E-5
2.85496E+1	6.10356E-5
2.85913E+1	6.10356E-5
2.86330E+1	6.10356E-5
2.86746E+1	3.05178E-5
2.87163E+1	3.05178E-5
2.87580E+1	3.05178E-5
2.87997E+1	3.05178E-5
2.88413E+1	3.05178E-5
2.88830E+1	3.05178E-5
2.89247E+1	3.05178E-5
2.89664E+1	3.05178E-5
2.90081E+1	3.05178E-5
2.90497E+1	3.05178E-5
2.90914E+1	3.05178E-5
2.91331E+1	0.00000E+0
2.91748E+1	3.05178E-5
2.92164E+1	0.00000E+0
2.92581E+1	0.00000E+0
2.92998E+1	0.00000E+0
2.93415E+1	0.00000E+0
2.93832E+1	0.00000E+0
2.94248E+1	0.00000E+0
2.94665E+1	0.00000E+0
2.95082E+1	0.00000E+0
2.95499E+1	0.00000E+0
2.95916E+1	0.00000E+0
2.96332E+1	0.00000E+0
2.96749E+1	0.00000E+0
2.97166E+1	0.00000E+0
2.97583E+1	0.00000E+0
2.97999E+1	0.00000E+0
2.98416E+1	0.00000E+0
2.98833E+1	0.00000E+0
2.99250E+1	0.00000E+0
2.99667E+1	0.00000E+0
3.00083E+1	0.00000E+0
3.00500E+1	0.00000E+0
3.00917E+1	0.00000E+0
3.01334E+1	0.00000E+0
3.01750E+1	0.00000E+0
3.02167E+1	0.00000E+0
3.02584E+1	0.00000E+0
3.03001E+1	0.00000E+0
3.03418E+1	0.00000E+0
3.03834E+1	0.00000E+0
3.04251E+1	0.00000E+0
3.04668E+1	0.00000E+0
3.05085E+1	0.00000E+0
3.05502E+1	0.00000E+0
3.05918E+1	0.00000E+0
3.06335E+1	0.00000E+0
3.06752E+1	0.00000E+0
3.07169E+1	0.00000E+0
3.07585E+1	0.00000E+0
3.08002E+1	0.00000E+0
3.08419E+1	0.00000E+0
3.08836E+1	0.00000E+0
3.09253E+1	0.00000E+0
3.09669E+1	0.00000E+0
3.10086E+1	0.00000E+0
3.10503E+1	0.00000E+0
3.10920E+1	0.00000E+0
3.11336E+1	0.00000E+0
3.11753E+1	0.00000E+0
3.12170E+1	0.00000E+0
3.12587E+1	0.00000E+0
3.13004E+1	0.00000E+0
3.13420E+1	0.00000E+0
3.13837E+1	0.00000E+0
3.14254E+1	0.00000E+0
3.14671E+1	0.00000E+0
3.15088E+1	0.00000E+0
3.15504E+1	0.00000E+0
3.15921E+1	0.00000E+0
3.16338E+1	0.00000E+0
3.16755E+1	0.00000E+0
3.17171E+1	0.00000E+0
3.17588E+1	0.00000E+0
3.18005E+1	0.00000E+0
3.18422E+1	0.00000E+0
3.18839E+1	0.00000E+0
3.19255E+1	0.00000E+0
3.19672E+1	0.00000E+0
3.20089E+1	0.00000E+0
3.20506E+1	0.00000E+0
3.20922E+1	0.00000E+0
3.21339E+1	0.00000E+0
3.21756E+1	0.00000E+0
3.22173E+1	0.00000E+0
3.22590E+1	0.00000E+0
3.23006E+1	0.00000E+0
3.23423E+1	0.00000E+0
3.23840E+1	0.00000E+0
3.24257E+1	0.00000E+0
3.24674E+1	0.00000E+0
3.25090E+1	0.00000E+0
3.25507E+1	0.00000E+0
3.25924E+1	0.00000E+0
3.26341E+1	0.00000E+0
3.26757E+1	0.00000E+0
3.27174E+1	0.00000E+0
3.27591E+1	0.00000E+0
3.28008E+1	0.00000E+0
3.28425E+1	0.00000E+0
3.28841E+1	0.00000E+0
3.29258E+1	0.00000E+0
3.29675E+1	0.00000E+0
3.30092E+1	0.00000E+0
3.30508E+1	0.00000E+0
3.30925E+1	0.00000E+0
3.31342E+1	0.00000E+0
3.31759E+1	0.00000E+0
3.32176E+1	0.00000E+0
3.32592E+1	0.00000E+0
3.33009E+1	0.00000E+0
3.33426E+1	0.00000E+0
3.33843E+1	0.00000E+0
3.34260E+1	0.00000E+0
3.34676E+1	0.00000E+0
3.35093E+1	0.00000E+0
3.35510E+1	0.00000E+0
3.35927E+1	0.00000E+0
3.36343E+1	0.00000E+0
3.36760E+1	0.00000E+0
3.37177E+1	0.00000E+0
3.37594E+1	0.00000E+0
3.38011E+1	0.00000E+0
3.38427E+1	0.00000E+0
3.38844E+1	0.00000E+0
3.39261E+1	0.00000E+0
3.39678E+1	0.00000E+0
3.40094E+1	0.00000E+0
3.40511E+1	0.00000E+0
3.40928E+1	0.00000E+0
3.41345E+1	0.00000E+0
3.41762E+1	0.00000E+0
3.42178E+1	0.00000E+0
3.42595E+1	0.00000E+0
3.43012E+1	0.00000E+0
3.43429E+1	0.00000E+0
3.43846E+1	0.00000E+0
3.44262E+1	0.00000E+0
3.44679E+1	0.00000E+0
3.45096E+1	0.00000E+0
3.45513E+1	0.00000E+0
3.45929E+1	0.00000E+0
3.46346E+1	0.00000E+0
3.46763E+1	0.00000E+0
3.47180E+1	0.00000E+0
3.47597E+1	0.00000E+0
3.48013E+1	0.00000E+0
3.48430E+1	0.00000E+0
3.48847E+1	0.00000E+0
3.49264E+1	0.00000E+0
3.49680E+1	0.00000E+0
3.50097E+1	0.00000E+0
3.50514E+1	0.00000E+0
3.50931E+1	0.00000E+0
3.51348E+1	0.00000E+0
3.51764E+1	0.00000E+0
3.52181E+1	0.00000E+0
3.52598E+1	0.00000E+0
3.53015E+1	0.00000E+0
3.53432E+1	0.00000E+0
3.53848E+1	0.00000E+0
3.54265E+1	0.00000E+0
3.54682E+1	0.00000E+0
3.55099E+1	0.00000E+0
3.55515E+1	0.00000E+0
3.55932E+1	0.00000E+0
3.56349E+1	0.00000E+0
3.56766E+1	0.00000E+0
3.57183E+1	0.00000E+0
3.57599E+1	0.00000E+0
3.58016E+1	0.00000E+0
3.58433E+1	0.00000E+0
3.58850E+1	0.00000E+0
3.59266E+1	0.00000E+0
3.59683E+1	0.00000E+0
3.60100E+1	0.00000E+0
3.60517E+1	0.00000E+0
3.60934E+1	0.00000E+0
3.61350E+1	0.00000E+0
3.61767E+1	0.00000E+0
3.62184E+1	0.00000E+0
3.62601E+1	0.00000E+0
3.63018E+1	0.00000E+0
3.63434E+1	0.00000E+0
3.63851E+1	0.00000E+0
3.64268E+1	0.00000E+0
3.64685E+1	0.00000E+0
3.65101E+1	0.00000E+0
3.65518E+1	0.00000E+0
3.65935E+1	0.00000E+0
3.66352E+1	0.00000E+0
3.66769E+1	0.00000E+0
3.67185E+1	0.00000E+0
3.67602E+1	0.00000E+0
3.68019E+1	0.00000E+0
3.68436E+1	0.00000E+0
3.68852E+1	0.00000E+0
3.69269E+1	0.00000E+0
3.69686E+1	0.00000E+0
3.70103E+1	0.00000E+0
3.70520E+1	0.00000E+0
3.70936E+1	0.00000E+0
3.71353E+1	0.00000E+0
3.71770E+1	0.00000E+0
3.72187E+1	0.00000E+0
3.72604E+1	0.00000E+0
3.73020E+1	0.00000E+0
3.73437E+1	0.00000E+0
3.73854E+1	0.00000E+0
3.74271E+1	0.00000E+0
3.74687E+1	0.00000E+0
3.75104E+1	0.00000E+0
3.75521E+1	0.00000E+0
3.75938E+1	0.00000E+0
3.76355E+1	0.00000E+0
3.76771E+1	0.00000E+0
3.77188E+1	0.00000E+0
3.77605E+1	0.00000E+0
3.78022E+1	0.00000E+0
3.78438E+1	3.05178E-5
3.78855E+1	3.05178E-5
3.79272E+1	3.05178E-5
3.79689E+1	3.05178E-5
3.80106E+1	3.05178E-5
3.80522E+1	3.05178E-5
3.80939E+1	3.05178E-5
3.81356E+1	3.05178E-5
3.81773E+1	3.05178E-5
3.82189E+1	3.05178E-5
3.82606E+1	3.05178E-5
3.83023E+1	3.05178E-5
3.83440E+1	3.05178E-5
3.83857E+1	3.05178E-5
3.84273E+1	3.05178E-5
3.84690E+1	3.05178E-5
3.85107E+1	3.05178E-5
3.85524E+1	3.05178E-5
3.85941E+1	3.05178E-5
3.86357E+1	3.05178E-5
3.86774E+1	3.05178E-5
3.87191E+1	3.05178E-5
3.87608E+1	3.05178E-5
3.88024E+1	3.05178E-5
3.88441E+1	3.05178E-5
3.88858E+1	3.05178E-5
3.89275E+1	3.05178E-5
3.89692E+1	3.05178E-5
3.90108E+1	3.05178E-5
3.90525E+1	3.05178E-5
3.90942E+1	3.05178E-5
3.91359E+1	3.05178E-5
3.91775E+1	3.05178E-5
3.92192E+1	3.05178E-5
3.92609E+1	3.05178E-5
3.93026E+1	3.05178E-5
3.93443E+1	3.05178E-5
3.93859E+1	3.05178E-5
3.94276E+1	3.05178E-5
3.94693E+1	3.05178E-5
3.95110E+1	6.10356E-5
3.95527E+1	6.10356E-5
3.95943E+1	6.10356E-5
3.96360E+1	6.10356E-5
3.96777E+1	6.10356E-5
3.97194E+1	6.10356E-5
3.97610E+1	6.10356E-5
3.98027E+1	6.10356E-5
3.98444E+1	6.10356E-5
3.98861E+1	6.10356E-5
3.99278E+1	6.10356E-5
3.99694E+1	9.15532E-5
4.00111E+1	9.15532E-5
4.00528E+1	9.15532E-5
4.00945E+1	9.15532E-5
4.01361E+1	9.15532E-5
4.01778E+1	9.15532E-5
4.02195E+1	1.22071E-4
4.02612E+1	1.22071E-4
4.03029E+1	1.52589E-4
4.03445E+1	1.83106E-4
4.03862E+1	1.83106E-4
4.04279E+1	2.13624E-4
4.04696E+1	2.44142E-4
4.05113E+1	3.05178E-4
4.05529E+1	3.96730E-4
4.05946E+1	4.88285E-4
4.06363E+1	5.49320E-4
4.06780E+1	4.88285E-4
4.07196E+1	3.05178E-4
4.07613E+1	1.83106E-4
4.08030E+1	4.88285E-4
4.08447E+1	4.27248E-4
4.08864E+1	9.46049E-4
4.09280E+1	1.28175E-3
4.09697E+1	1.61744E-3
4.10114E+1	1.70899E-3
4.10531E+1	1.34278E-3
4.10947E+1	3.96730E-4
4.11364E+1	6.10355E-4
4.11781E+1	3.66213E-4
4.12198E+1	2.44142E-4
4.12615E+1	2.44142E-4
4.13031E+1	2.13624E-4
4.13448E+1	1.22071E-4
4.13865E+1	1.22071E-4
4.14282E+1	1.52589E-4
4.14699E+1	1.22071E-4
4.15115E+1	1.22071E-4
4.15532E+1	9.15532E-5
4.15949E+1	9.15532E-5
4.16366E+1	9.15532E-5
4.16782E+1	9.15532E-5
4.17199E+1	9.15532E-5
4.17616E+1	6.10356E-5
4.18033E+1	6.10356E-5
4.18450E+1	6.10356E-5
4.18866E+1	6.10356E-5
4.19283E+1	6.10356E-5
4.19700E+1	6.10356E-5
4.20117E+1	6.10356E-5
4.20533E+1	6.10356E-5
4.20950E+1	6.10356E-5
4.21367E+1	6.10356E-5
4.21784E+1	6.10356E-5
4.22201E+1	6.10356E-5
4.22617E+1	6.10356E-5
4.23034E+1	6.10356E-5
4.23451E+1	6.10356E-5
4.23868E+1	3.05178E-5
4.24285E+1	3.05178E-5
4.24701E+1	3.05178E-5
4.25118E+1	3.05178E-5
4.25535E+1	3.05178E-5
4.25952E+1	3.05178E-5
4.26368E+1	3.05178E-5
4.26785E+1	3.05178E-5
4.27202E+1	3.05178E-5
4.27619E+1	3.05178E-5
4.28036E+1	3.05178E-5
4.28452E+1	3.05178E-5
4.28869E+1	3.05178E-5
4.29286E+1	3.05178E-5
4.29703E+1	3.05178E-5
4.30119E+1	3.05178E-5
4.30536E+1	3.05178E-5
4.30953E+1	3.05178E-5
4.31370E+1	3.05178E-5
4.31787E+1	3.05178E-5
4.32203E+1	3.05178E-5
4.32620E+1	3.05178E-5
4.33037E+1	3.05178E-5
4.33454E+1	3.05178E-5
4.33871E+1	3.05178E-5
4.34287E+1	3.05178E-5
4.34704E+1	3.05178E-5
4.35121E+1	3.05178E-5
4.35538E+1	3.05178E-5
4.35954E+1	3.05178E-5
4.36371E+1	3.05178E-5
4.36788E+1	3.05178E-5
4.37205E+1	3.05178E-5
4.37622E+1	3.05178E-5
4.38038E+1	3.05178E-5
4.38455E+1	3.05178E-5
4.38872E+1	3.05178E-5
4.39289E+1	3.05178E-5
4.39705E+1	3.05178E-5
4.40122E+1	3.05178E-5
4.40539E+1	3.05178E-5
4.40956E+1	3.05178E-5
4.41373E+1	3.05178E-5
4.41789E+1	3.05178E-5
4.42206E+1	3.05178E-5
4.42623E+1	3.05178E-5
4.43040E+1	3.05178E-5
4.43457E+1	3.05178E-5
4.43873E+1	3.05178E-5
4.44290E+1	3.05178E-5
4.44707E+1	3.05178E-5
4.45124E+1	3.05178E-5
4.45540E+1	3.05178E-5
4.45957E+1	3.05178E-5
4.46374E+1	3.05178E-5
4.46791E+1	3.05178E-5
4.47208E+1	3.05178E-5
4.47624E+1	3.05178E-5
4.48041E+1	3.05178E-5
4.48458E+1	3.05178E-5
4.48875E+1	3.05178E-5
4.49291E+1	3.05178E-5
4.49708E+1	3.05178E-5
4.50125E+1	3.05178E-5
4.50542E+1	3.05178E-5
4.50959E+1	3.05178E-5
4.51375E+1	3.05178E-5
4.51792E+1	3.05178E-5
4.52209E+1	3.05178E-5
4.52626E+1	3.05178E-5
4.53043E+1	3.05178E-5
4.53459E+1	3.05178E-5
4.53876E+1	3.05178E-5
4.54293E+1	3.05178E-5
4.54710E+1	3.05178E-5
4.55126E+1	3.05178E-5
4.55543E+1	3.05178E-5
4.55960E+1	3.05178E-5
4.56377E+1	3.05178E-5
4.56794E+1	3.05178E-5
4.57210E+1	3.05178E-5
4.57627E+1	3.05178E-5
4.58044E+1	3.05178E-5
4.58461E+1	3.05178E-5
4.58877E+1	3.05178E-5
4.59294E+1	3.05178E-5
4.59711E+1	3.05178E-5
4.60128E+1	3.05178E-5
4.60545E+1	3.05178E-5
4.60961E+1	3.05178E-5
4.61378E+1	3.05178E-5
4.61795E+1	3.05178E-5
4.62212E+1	3.05178E-5
4.62629E+1	3.05178E-5
4.63045E+1	3.05178E-5
4.63462E+1	3.05178E-5
4.63879E+1	3.05178E-5
4.64296E+1	3.05178E-5
4.64712E+1	3.05178E-5
4.65129E+1	3.05178E-5
4.65546E+1	3.05178E-5
4.65963E+1	3.05178E-5
4.66380E+1	3.05178E-5
4.66796E+1	3.05178E-5
4.67213E+1	3.05178E-5
4.67630E+1	3.05178E-5
4.68047E+1	3.05178E-5
4.68463E+1	3.05178E-5
4.68880E+1	3.05178E-5
4.69297E+1	3.05178E-5
4.69714E+1	3.05178E-5
4.70131E+1	3.05178E-5
4.70547E+1	3.05178E-5
4.70964E+1	3.05178E-5
4.71381E+1	3.05178E-5
4.71798E+1	3.05178E-5
4.72215E+1	3.05178E-5
4.72631E+1	3.05178E-5
4.73048E+1	3.05178E-5
4.73465E+1	3.05178E-5
4.73882E+1	3.05178E-5
4.74298E+1	3.05178E-5
4.74715E+1	3.05178E-5
4.75132E+1	3.05178E-5
4.75549E+1	3.05178E-5
4.75966E+1	3.05178E-5
4.76382E+1	3.05178E-5
4.76799E+1	3.05178E-5
4.77216E+1	3.05178E-5
4.77633E+1	3.05178E-5
4.78049E+1	3.05178E-5
4.78466E+1	3.05178E-5
4.78883E+1	3.05178E-5
4.79300E+1	3.05178E-5
4.79717E+1	3.05178E-5
4.80133E+1	3.05178E-5
4.80550E+1	3.05178E-5
4.80967E+1	3.05178E-5
4.81384E+1	3.05178E-5
4.81801E+1	3.05178E-5
4.82217E+1	3.05178E-5
4.82634E+1	3.05178E-5
4.83051E+1	3.05178E-5
4.83468E+1	3.05178E-5
4.83884E+1	3.05178E-5
4.84301E+1	3.05178E-5
4.84718E+1	3.05178E-5
4.85135E+1	3.05178E-5
4.85552E+1	3.05178E-5
4.85968E+1	3.05178E-5
4.86385E+1	3.05178E-5
4.86802E+1	3.05178E-5
4.87219E+1	3.05178E-5
4.87635E+1	3.05178E-5
4.88052E+1	3.05178E-5
4.88469E+1	3.05178E-5
4.88886E+1	3.05178E-5
4.89303E+1	3.05178E-5
4.89719E+1	3.05178E-5
4.90136E+1	3.05178E-5
4.90553E+1	3.05178E-5
4.90970E+1	3.05178E-5
4.91386E+1	3.05178E-5
4.91803E+1	3.05178E-5
4.92220E+1	3.05178E-5
4.92637E+1	3.05178E-5
4.93054E+1	3.05178E-5
4.93470E+1	3.05178E-5
4.93887E+1	3.05178E-5
4.94304E+1	3.05178E-5
4.94721E+1	3.05178E-5
4.95138E+1	3.05178E-5
4.95554E+1	3.05178E-5
4.95971E+1	3.05178E-5
4.96388E+1	6.10356E-5
4.96805E+1	6.10356E-5
4.97221E+1	6.10356E-5
4.97638E+1	6.10356E-5
4.98055E+1	6.10356E-5
4.98472E+1	6.10356E-5
4.98889E+1	6.10356E-5
4.99305E+1	6.10356E-5
4.99722E+1	6.10356E-5
5.00139E+1	6.10356E-5
5.00556E+1	6.10356E-5
5.00972E+1	6.10356E-5
5.01389E+1	6.10356E-5
5.01806E+1	6.10356E-5
5.02223E+1	6.10356E-5
5.02640E+1	6.10356E-5
5.03056E+1	6.10356E-5
5.03473E+1	9.15532E-5
5.03890E+1	9.15532E-5
5.04307E+1	9.15532E-5
5.04724E+1	9.15532E-5
5.05140E+1	1.22071E-4
5.05557E+1	1.22071E-4
5.05974E+1	1.52589E-4
5.06391E+1	1.83106E-4
5.06807E+1	2.44142E-4
5.07224E+1	2.74660E-4
5.07641E+1	3.96730E-4
5.08058E+1	4.57766E-4
5.08475E+1	4.27248E-4
5.08891E+1	3.05178E-4
5.09308E+1	3.05178E-5
5.09725E+1	9.15532E-5
5.10142E+1	6.10356E-5
5.10558E+1	3.05178E-5
5.10975E+1	0.00000E+0
5.11392E+1	0.00000E+0
5.11809E+1	0.00000E+0
5.12226E+1	0.00000E+0
5.12642E+1	3.05178E-5
5.13059E+1	3.05178E-5
5.13476E+1	3.05178E-5
5.13893E+1	3.05178E-5
5.14310E+1	6.10356E-5
5.14726E+1	6.10356E-5
5.15143E+1	6.10356E-5
5.15560E+1	9.15532E-5
5.15977E+1	9.15532E-5
5.16393E+1	1.22071E-4
5.16810E+1	1.52589E-4
5.17227E+1	1.52589E-4
5.17644E+1	1.22071E-4
5.18061E+1	9.15532E-5
5.18477E+1	3.05178E-5
5.18894E+1	6.10356E-5
5.19311E+1	3.05178E-5
5.19728E+1	3.05178E-5
5.20144E+1	3.05178E-5
5.20561E+1	3.05178E-5
5.20978E+1	3.05178E-5
5.21395E+1	6.10356E-5
5.21812E+1	6.10356E-5
5.22228E+1	9.15532E-5
5.22645E+1	9.15532E-5
5.23062E+1	1.22071E-4
5.23479E+1	1.22071E-4
5.23896E+1	1.83106E-4
5.24312E+1	2.13624E-4
5.24729E+1	2.44142E-4
5.25146E+1	3.35695E-4
5.25563E+1	4.57766E-4
5.25979E+1	6.10355E-4
5.26396E+1	8.23978E-4
5.26813E+1	9.76570E-4
5.27230E+1	7.93461E-4
5.27647E+1	2.74660E-4
5.28063E+1	2.74660E-4
5.28480E+1	3.35695E-4
5.28897E+1	1.83106E-4
5.29314E+1	2.13624E-4
5.29730E+1	1.83106E-4
5.30147E+1	1.83106E-4
5.30564E+1	1.52589E-4
5.30981E+1	1.22071E-4
5.31398E+1	1.22071E-4
5.31814E+1	1.22071E-4
5.32231E+1	9.15532E-5
5.32648E+1	9.15532E-5
5.33065E+1	9.15532E-5
5.33482E+1	9.15532E-5
5.33898E+1	9.15532E-5
5.34315E+1	9.15532E-5
5.34732E+1	9.15532E-5
5.35149E+1	9.15532E-5
5.35565E+1	9.15532E-5
5.35982E+1	6.10356E-5
5.36399E+1	6.10356E-5
5.36816E+1	6.10356E-5
5.37233E+1	6.10356E-5
5.37649E+1	6.10356E-5
5.38066E+1	6.10356E-5
5.38483E+1	6.10356E-5
5.38900E+1	6.10356E-5
5.39316E+1	6.10356E-5
5.39733E+1	6.10356E-5
5.40150E+1	6.10356E-5
5.40567E+1	6.10356E-5
5.40984E+1	6.10356E-5
5.41400E+1	6.10356E-5
5.41817E+1	6.10356E-5
5.42234E+1	6.10356E-5
5.42651E+1	6.10356E-5
5.43068E+1	6.10356E-5
5.43484E+1	6.10356E-5
5.43901E+1	6.10356E-5
5.44318E+1	6.10356E-5
5.44735E+1	6.10356E-5
5.45151E+1	6.10356E-5
5.45568E+1	6.10356E-5
5.45985E+1	3.05178E-5
5.46402E+1	3.05178E-5
5.46819E+1	3.05178E-5
5.47235E+1	3.05178E-5
5.47652E+1	3.05178E-5
5.48069E+1	3.05178E-5
5.48486E+1	3.05178E-5
5.48902E+1	3.05178E-5
5.49319E+1	3.05178E-5
5.49736E+1	3.05178E-5
5.50153E+1	3.05178E-5
5.50570E+1	3.05178E-5
5.50986E+1	3.05178E-5
5.51403E+1	3.05178E-5
5.51820E+1	3.05178E-5
5.52237E+1	3.05178E-5
5.52654E+1	3.05178E-5
5.53070E+1	3.05178E-5
5.53487E+1	3.05178E-5
5.53904E+1	3.05178E-5
5.54321E+1	3.05178E-5
5.54737E+1	3.05178E-5
5.55154E+1	3.05178E-5
5.55571E+1	3.05178E-5
5.55988E+1	3.05178E-5
5.56405E+1	3.05178E-5
5.56821E+1	3.05178E-5
5.57238E+1	3.05178E-5
5.57655E+1	3.05178E-5
5.58072E+1	3.05178E-5
5.58488E+1	3.05178E-5
5.58905E+1	3.05178E-5
5.59322E+1	3.05178E-5
5.59739E+1	3.05178E-5
5.60156E+1	3.05178E-5
5.60572E+1	3.05178E-5
5.60989E+1	3.05178E-5
5.61406E+1	3.05178E-5
5.61823E+1	0.00000E+0
5.62240E+1	3.05178E-5
5.62656E+1	3.05178E-5
5.63073E+1	3.05178E-5
5.63490E+1	3.05178E-5
5.63907E+1	3.05178E-5
5.64323E+1	3.05178E-5
5.64740E+1	3.05178E-5
5.65157E+1	3.05178E-5
5.65574E+1	3.05178E-5
5.65991E+1	3.05178E-5
5.66407E+1	3.05178E-5
5.66824E+1	0.00000E+0
5.67241E+1	0.00000E+0
5.67658E+1	3.05178E-5
5.68074E+1	0.00000E+0
5.68491E+1	0.00000E+0
5.68908E+1	3.05178E-5
5.69325E+1	0.00000E+0
5.69742E+1	0.00000E+0
5.70158E+1	0.00000E+0
5.70575E+1	0.00000E+0
5.70992E+1	0.00000E+0
5.71409E+1	0.00000E+0
5.71826E+1	0.00000E+0
5.72242E+1	0.00000E+0
5.72659E+1	3.05178E-5
5.73076E+1	0.00000E+0
5.73493E+1	0.00000E+0
5.73909E+1	0.00000E+0
5.74326E+1	0.00000E+0
5.74743E+1	0.00000E+0
5.75160E+1	0.00000E+0
5.75577E+1	0.00000E+0
5.75993E+1	0.00000E+0
5.76410E+1	0.00000E+0
5.76827E+1	0.00000E+0
5.77244E+1	0.00000E+0
5.77660E+1	0.00000E+0
5.78077E+1	0.00000E+0
5.78494E+1	0.00000E+0
5.78911E+1	0.00000E+0
5.79328E+1	0.00000E+0
5.79744E+1	0.00000E+0
5.80161E+1	0.00000E+0
5.80578E+1	0.00000E+0
5.80995E+1	3.05178E-5
5.81412E+1	3.05178E-5
5.81828E+1	0.00000E+0
5.82245E+1	0.00000E+0
5.82662E+1	0.00000E+0
5.83079E+1	0.00000E+0
5.83495E+1	0.00000E+0
5.83912E+1	3.05178E-5
5.84329E+1	3.05178E-5
5.84746E+1	0.00000E+0
5.85163E+1	3.05178E-5
5.85579E+1	0.00000E+0
5.85996E+1	3.05178E-5
5.86413E+1	3.05178E-5
5.86830E+1	3.05178E-5
5.87246E+1	3.05178E-5
5.87663E+1	3.05178E-5
5.88080E+1	3.05178E-5
5.88497E+1	3.05178E-5
5.88914E+1	3.05178E-5
5.89330E+1	3.05178E-5
5.89747E+1	3.05178E-5
5.90164E+1	3.05178E-5
5.90581E+1	3.05178E-5
5.90997E+1	3.05178E-5
5.91414E+1	3.05178E-5
5.91831E+1	3.05178E-5
5.92248E+1	3.05178E-5
5.92665E+1	3.05178E-5
5.93081E+1	3.05178E-5
5.93498E+1	3.05178E-5
5.93915E+1	3.05178E-5
5.94332E+1	3.05178E-5
5.94749E+1	3.05178E-5
5.95165E+1	3.05178E-5
5.95582E+1	3.05178E-5
5.95999E+1	3.05178E-5
5.96416E+1	3.05178E-5
5.96832E+1	3.05178E-5
5.97249E+1	3.05178E-5
5.97666E+1	3.05178E-5
5.98083E+1	3.05178E-5
5.98500E+1	6.10356E-5
5.98916E+1	6.10356E-5
5.99333E+1	3.05178E-5
5.99750E+1	6.10356E-5
6.00167E+1	6.10356E-5
6.00583E+1	6.10356E-5
6.01000E+1	6.10356E-5
6.01417E+1	6.10356E-5
6.01834E+1	6.10356E-5
6.02251E+1	6.10356E-5
6.02667E+1	6.10356E-5
6.03084E+1	6.10356E-5
6.03501E+1	6.10356E-5
6.03918E+1	6.10356E-5
6.04335E+1	6.10356E-5
6.04751E+1	6.10356E-5
6.05168E+1	6.10356E-5
6.05585E+1	6.10356E-5
6.06002E+1	6.10356E-5
6.06418E+1	9.15532E-5
6.06835E+1	9.15532E-5
6.07252E+1	9.15532E-5
6.07669E+1	9.15532E-5
6.08086E+1	9.15532E-5
6.08502E+1	9.15532E-5
6.08919E+1	1.22071E-4
6.09336E+1	1.22071E-4
6.09753E+1	1.22071E-4
6.10169E+1	1.52589E-4
6.10586E+1	1.22071E-4
6.11003E+1	1.83106E-4
6.11420E+1	2.13624E-4
6.11837E+1	2.13624E-4
6.12253E+1	2.44142E-4
6.12670E+1	2.74660E-4
6.13087E+1	3.66213E-4
6.13504E+1	3.96730E-4
6.13921E+1	4.57766E-4
6.14337E+1	6.71390E-4
6.14754E+1	9.46049E-4
6.15171E+1	1.28175E-3
6.15588E+1	1.19019E-3
6.16004E+1	9.15531E-4
6.16421E+1	3.96730E-4
6.16838E+1	2.44142E-4
6.17255E+1	4.88285E-4
6.17672E+1	6.10356E-5
6.18088E+1	3.66213E-4
6.18505E+1	6.10356E-5
6.18922E+1	2.13624E-4
6.19339E+1	2.13624E-4
6.19755E+1	1.22071E-4
6.20172E+1	6.10356E-5
6.20589E+1	6.10356E-5
6.21006E+1	6.10356E-5
6.21423E+1	9.15532E-5
6.21839E+1	9.15532E-5
6.22256E+1	9.15532E-5
6.22673E+1	6.10356E-5
6.23090E+1	6.10356E-5
6.23507E+1	6.10356E-5
6.23923E+1	6.10356E-5
6.24340E+1	6.10356E-5
6.24757E+1	6.10356E-5
6.25174E+1	6.10356E-5
6.25590E+1	6.10356E-5
6.26007E+1	6.10356E-5
6.26424E+1	6.10356E-5
6.26841E+1	6.10356E-5
6.27258E+1	6.10356E-5
6.27674E+1	3.05178E-5
6.28091E+1	3.05178E-5
6.28508E+1	3.05178E-5
6.28925E+1	3.05178E-5
6.29341E+1	3.05178E-5
6.29758E+1	3.05178E-5
6.30175E+1	3.05178E-5
6.30592E+1	3.05178E-5
6.31009E+1	3.05178E-5
6.31425E+1	3.05178E-5
6.31842E+1	3.05178E-5
6.32259E+1	3.05178E-5
6.32676E+1	3.05178E-5
6.33093E+1	3.05178E-5
6.33509E+1	3.05178E-5
6.33926E+1	0.00000E+0
6.34343E+1	3.05178E-5
6.34760E+1	3.05178E-5
6.35176E+1	0.00000E+0
6.35593E+1	0.00000E+0
6.36010E+1	0.00000E+0
6.36427E+1	0.00000E+0
6.36844E+1	0.00000E+0
6.37260E+1	0.00000E+0
6.37677E+1	0.00000E+0
6.38094E+1	0.00000E+0
6.38511E+1	0.00000E+0
6.38927E+1	0.00000E+0
6.39344E+1	0.00000E+0
6.39761E+1	0.00000E+0
6.40178E+1	0.00000E+0
6.40595E+1	0.00000E+0
6.41011E+1	0.00000E+0
6.41428E+1	0.00000E+0
6.41845E+1	0.00000E+0
6.42262E+1	0.00000E+0
6.42679E+1	0.00000E+0
6.43095E+1	0.00000E+0
6.43512E+1	0.00000E+0
6.43929E+1	0.00000E+0
6.44346E+1	0.00000E+0
6.44762E+1	0.00000E+0
6.45179E+1	0.00000E+0
6.45596E+1	0.00000E+0
6.46013E+1	0.00000E+0
6.46430E+1	0.00000E+0
6.46846E+1	0.00000E+0
6.47263E+1	0.00000E+0
6.47680E+1	0.00000E+0
6.48097E+1	0.00000E+0
6.48513E+1	0.00000E+0
6.48930E+1	0.00000E+0
6.49347E+1	0.00000E+0
6.49764E+1	0.00000E+0
6.50181E+1	0.00000E+0
6.50597E+1	0.00000E+0
6.51014E+1	0.00000E+0
6.51431E+1	0.00000E+0
6.51848E+1	0.00000E+0
6.52265E+1	0.00000E+0
6.52681E+1	0.00000E+0
6.53098E+1	0.00000E+0
6.53515E+1	0.00000E+0
6.53932E+1	0.00000E+0
6.54348E+1	0.00000E+0
6.54765E+1	0.00000E+0
6.55182E+1	0.00000E+0
6.55599E+1	0.00000E+0
6.56016E+1	0.00000E+0
6.56432E+1	0.00000E+0
6.56849E+1	0.00000E+0
6.57266E+1	0.00000E+0
6.57683E+1	0.00000E+0
6.58099E+1	0.00000E+0
6.58516E+1	0.00000E+0
6.58933E+1	0.00000E+0
6.59350E+1	0.00000E+0
6.59767E+1	0.00000E+0
6.60183E+1	0.00000E+0
6.60600E+1	0.00000E+0
6.61017E+1	0.00000E+0
6.61434E+1	0.00000E+0
6.61851E+1	0.00000E+0
6.62267E+1	0.00000E+0
6.62684E+1	0.00000E+0
6.63101E+1	0.00000E+0
6.63518E+1	0.00000E+0
6.63934E+1	0.00000E+0
6.64351E+1	0.00000E+0
6.64768E+1	0.00000E+0
6.65185E+1	0.00000E+0
6.65602E+1	0.00000E+0
6.66018E+1	0.00000E+0
6.66435E+1	0.00000E+0
6.66852E+1	0.00000E+0
6.67269E+1	0.00000E+0
6.67685E+1	0.00000E+0
6.68102E+1	0.00000E+0
6.68519E+1	0.00000E+0
6.68936E+1	0.00000E+0
6.69353E+1	0.00000E+0
6.69769E+1	0.00000E+0
6.70186E+1	0.00000E+0
6.70603E+1	0.00000E+0
6.71020E+1	0.00000E+0
6.71437E+1	0.00000E+0
6.71853E+1	0.00000E+0
6.72270E+1	0.00000E+0
6.72687E+1	0.00000E+0
6.73104E+1	0.00000E+0
6.73520E+1	0.00000E+0
6.73937E+1	0.00000E+0
6.74354E+1	0.00000E+0
6.74771E+1	0.00000E+0
6.75188E+1	0.00000E+0
6.75604E+1	0.00000E+0
6.76021E+1	0.00000E+0
6.76438E+1	0.00000E+0
6.76855E+1	0.00000E+0
6.77271E+1	0.00000E+0
6.77688E+1	0.00000E+0
6.78105E+1	0.00000E+0
6.78522E+1	0.00000E+0
6.78939E+1	0.00000E+0
6.79355E+1	0.00000E+0
6.79772E+1	0.00000E+0
6.80189E+1	0.00000E+0
6.80606E+1	0.00000E+0
6.81023E+1	0.00000E+0
6.81439E+1	0.00000E+0
6.81856E+1	0.00000E+0
6.82273E+1	0.00000E+0
6.82690E+1	0.00000E+0
6.83106E+1	0.00000E+0
6.83523E+1	0.00000E+0
6.83940E+1	0.00000E+0
6.84357E+1	0.00000E+0
6.84774E+1	0.00000E+0
6.85190E+1	0.00000E+0
6.85607E+1	0.00000E+0
6.86024E+1	0.00000E+0
6.86441E+1	0.00000E+0
6.86857E+1	0.00000E+0
6.87274E+1	0.00000E+0
6.87691E+1	3.05178E-5
6.88108E+1	3.05178E-5
6.88525E+1	3.05178E-5
6.88941E+1	0.00000E+0
6.89358E+1	0.00000E+0
6.89775E+1	0.00000E+0
6.90192E+1	0.00000E+0
6.90609E+1	0.00000E+0
6.91025E+1	0.00000E+0
6.91442E+1	0.00000E+0
6.91859E+1	0.00000E+0
6.92276E+1	0.00000E+0
6.92692E+1	0.00000E+0
6.93109E+1	0.00000E+0
6.93526E+1	0.00000E+0
6.93943E+1	0.00000E+0
6.94360E+1	0.00000E+0
6.94776E+1	0.00000E+0
6.95193E+1	0.00000E+0
6.95610E+1	0.00000E+0
6.96027E+1	0.00000E+0
6.96443E+1	0.00000E+0
6.96860E+1	0.00000E+0
6.97277E+1	0.00000E+0
6.97694E+1	0.00000E+0
6.98111E+1	0.00000E+0
6.98527E+1	0.00000E+0
6.98944E+1	0.00000E+0
6.99361E+1	0.00000E+0
6.99778E+1	0.00000E+0
7.00194E+1	0.00000E+0
7.00611E+1	0.00000E+0
7.01028E+1	0.00000E+0
7.01445E+1	0.00000E+0
7.01862E+1	0.00000E+0
7.02278E+1	0.00000E+0
7.02695E+1	0.00000E+0
7.03112E+1	0.00000E+0
7.03529E+1	0.00000E+0
7.03946E+1	0.00000E+0
7.04362E+1	0.00000E+0
7.04779E+1	0.00000E+0
7.05196E+1	0.00000E+0
7.05613E+1	0.00000E+0
7.06029E+1	0.00000E+0
7.06446E+1	0.00000E+0
7.06863E+1	0.00000E+0
7.07280E+1	0.00000E+0
7.07697E+1	0.00000E+0
7.08113E+1	0.00000E+0
7.08530E+1	0.00000E+0
7.08947E+1	0.00000E+0
7.09364E+1	0.00000E+0
7.09780E+1	0.00000E+0
7.10197E+1	0.00000E+0
7.10614E+1	0.00000E+0
7.11031E+1	0.00000E+0
7.11448E+1	0.00000E+0
7.11864E+1	0.00000E+0
7.12281E+1	0.00000E+0
7.12698E+1	0.00000E+0
7.13115E+1	0.00000E+0
7.13532E+1	0.00000E+0
7.13948E+1	0.00000E+0
7.14365E+1	0.00000E+0
7.14782E+1	0.00000E+0
7.15199E+1	0.00000E+0
7.15615E+1	0.00000E+0
7.16032E+1	0.00000E+0
7.16449E+1	0.00000E+0
7.16866E+1	0.00000E+0
7.17283E+1	0.00000E+0
7.17699E+1	0.00000E+0
7.18116E+1	0.00000E+0
7.18533E+1	0.00000E+0
7.18950E+1	0.00000E+0
7.19366E+1	0.00000E+0
7.19783E+1	0.00000E+0
7.20200E+1	0.00000E+0
7.20617E+1	0.00000E+0
7.21034E+1	0.00000E+0
7.21450E+1	0.00000E+0
7.21867E+1	0.00000E+0
7.22284E+1	0.00000E+0
7.22701E+1	0.00000E+0
7.23118E+1	0.00000E+0
7.23534E+1	0.00000E+0
7.23951E+1	0.00000E+0
7.24368E+1	0.00000E+0
7.24785E+1	0.00000E+0
7.25201E+1	0.00000E+0
7.25618E+1	0.00000E+0
7.26035E+1	0.00000E+0
7.26452E+1	0.00000E+0
7.26869E+1	0.00000E+0
7.27285E+1	0.00000E+0
7.27702E+1	0.00000E+0
7.28119E+1	0.00000E+0
7.28536E+1	0.00000E+0
7.28952E+1	0.00000E+0
7.29369E+1	0.00000E+0
7.29786E+1	0.00000E+0
7.30203E+1	0.00000E+0
7.30620E+1	0.00000E+0
7.31036E+1	0.00000E+0
7.31453E+1	0.00000E+0
7.31870E+1	0.00000E+0
7.32287E+1	0.00000E+0
7.32704E+1	0.00000E+0
7.33120E+1	0.00000E+0
7.33537E+1	0.00000E+0
7.33954E+1	0.00000E+0
7.34371E+1	0.00000E+0
7.34787E+1	0.00000E+0
7.35204E+1	0.00000E+0
7.35621E+1	0.00000E+0
7.36038E+1	0.00000E+0
7.36455E+1	0.00000E+0
7.36871E+1	0.00000E+0
7.37288E+1	0.00000E+0
7.37705E+1	0.00000E+0
7.38122E+1	0.00000E+0
7.38538E+1	0.00000E+0
7.38955E+1	0.00000E+0
7.39372E+1	0.00000E+0
7.39789E+1	0.00000E+0
7.40206E+1	0.00000E+0
7.40622E+1	0.00000E+0
7.41039E+1	0.00000E+0
7.41456E+1	0.00000E+0
7.41873E+1	0.00000E+0
7.42290E+1	0.00000E+0
7.42706E+1	0.00000E+0
7.43123E+1	0.00000E+0
7.43540E+1	0.00000E+0
7.43957E+1	0.00000E+0
7.44373E+1	0.00000E+0
7.44790E+1	0.00000E+0
7.45207E+1	0.00000E+0
7.45624E+1	0.00000E+0
7.46041E+1	0.00000E+0
7.46457E+1	0.00000E+0
7.46874E+1	0.00000E+0
7.47291E+1	0.00000E+0
7.47708E+1	0.00000E+0
7.48124E+1	0.00000E+0
7.48541E+1	0.00000E+0
7.48958E+1	0.00000E+0
7.49375E+1	0.00000E+0
7.49792E+1	0.00000E+0
7.50208E+1	0.00000E+0
7.50625E+1	0.00000E+0
7.51042E+1	0.00000E+0
7.51459E+1	0.00000E+0
7.51876E+1	0.00000E+0
7.52292E+1	0.00000E+0
7.52709E+1	0.00000E+0
7.53126E+1	0.00000E+0
7.53543E+1	0.00000E+0
7.53959E+1	0.00000E+0
7.54376E+1	0.00000E+0
7.54793E+1	0.00000E+0
7.55210E+1	0.00000E+0
7.55627E+1	0.00000E+0
7.56043E+1	0.00000E+0
7.56460E+1	0.00000E+0
7.56877E+1	0.00000E+0
7.57294E+1	0.00000E+0
7.57710E+1	0.00000E+0
7.58127E+1	0.00000E+0
7.58544E+1	0.00000E+0
7.58961E+1	0.00000E+0
7.59378E+1	0.00000E+0
7.59794E+1	0.00000E+0
7.60211E+1	0.00000E+0
7.60628E+1	0.00000E+0
7.61045E+1	0.00000E+0
7.61462E+1	0.00000E+0
7.61878E+1	0.00000E+0
7.62295E+1	0.00000E+0
7.62712E+1	0.00000E+0
7.63129E+1	0.00000E+0
7.63545E+1	0.00000E+0
7.63962E+1	0.00000E+0
7.64379E+1	0.00000E+0
7.64796E+1	0.00000E+0
7.65213E+1	0.00000E+0
7.65629E+1	0.00000E+0
7.66046E+1	0.00000E+0
7.66463E+1	0.00000E+0
7.66880E+1	0.00000E+0
7.67296E+1	0.00000E+0
7.67713E+1	0.00000E+0
7.68130E+1	0.00000E+0
7.68547E+1	0.00000E+0
7.68964E+1	0.00000E+0
7.69380E+1	0.00000E+0
7.69797E+1	0.00000E+0
7.70214E+1	0.00000E+0
7.70631E+1	0.00000E+0
7.71048E+1	0.00000E+0
7.71464E+1	0.00000E+0
7.71881E+1	0.00000E+0
7.72298E+1	0.00000E+0
7.72715E+1	0.00000E+0
7.73131E+1	0.00000E+0
7.73548E+1	0.00000E+0
7.73965E+1	0.00000E+0
7.74382E+1	0.00000E+0
7.74799E+1	0.00000E+0
7.75215E+1	0.00000E+0
7.75632E+1	0.00000E+0
7.76049E+1	0.00000E+0
7.76466E+1	0.00000E+0
7.76882E+1	0.00000E+0
7.77299E+1	0.00000E+0
7.77716E+1	0.00000E+0
7.78133E+1	0.00000E+0
7.78550E+1	0.00000E+0
7.78966E+1	0.00000E+0
7.79383E+1	0.00000E+0
7.79800E+1	0.00000E+0
7.80217E+1	0.00000E+0
7.80634E+1	0.00000E+0
7.81050E+1	0.00000E+0
7.81467E+1	0.00000E+0
7.81884E+1	0.00000E+0
7.82301E+1	0.00000E+0
7.82717E+1	0.00000E+0
7.83134E+1	0.00000E+0
7.83551E+1	0.00000E+0
7.83968E+1	0.00000E+0
7.84385E+1	0.00000E+0
7.84801E+1	0.00000E+0
7.85218E+1	0.00000E+0
7.85635E+1	0.00000E+0
7.86052E+1	0.00000E+0
7.86468E+1	0.00000E+0
7.86885E+1	0.00000E+0
7.87302E+1	0.00000E+0
7.87719E+1	0.00000E+0
7.88136E+1	0.00000E+0
7.88552E+1	0.00000E+0
7.88969E+1	0.00000E+0
7.89386E+1	0.00000E+0
7.89803E+1	0.00000E+0
7.90220E+1	0.00000E+0
7.90636E+1	0.00000E+0
7.91053E+1	0.00000E+0
7.91470E+1	0.00000E+0
7.91887E+1	0.00000E+0
7.92303E+1	0.00000E+0
7.92720E+1	0.00000E+0
7.93137E+1	0.00000E+0
7.93554E+1	0.00000E+0
7.93971E+1	0.00000E+0
7.94387E+1	3.05178E-5
7.94804E+1	0.00000E+0
7.95221E+1	3.05178E-5
7.95638E+1	3.05178E-5
7.96054E+1	3.05178E-5
7.96471E+1	3.05178E-5
7.96888E+1	3.05178E-5
7.97305E+1	3.05178E-5
7.97722E+1	3.05178E-5
7.98138E+1	3.05178E-5
7.98555E+1	3.05178E-5
7.98972E+1	3.05178E-5
7.99389E+1	3.05178E-5
7.99806E+1	3.05178E-5
8.00222E+1	3.05178E-5
8.00639E+1	3.05178E-5
8.01056E+1	3.05178E-5
8.01473E+1	3.05178E-5
8.01889E+1	3.05178E-5
8.02306E+1	3.05178E-5
8.02723E+1	3.05178E-5
8.03140E+1	3.05178E-5
8.03557E+1	3.05178E-5
8.03973E+1	3.05178E-5
8.04390E+1	3.05178E-5
8.04807E+1	3.05178E-5
8.05224E+1	3.05178E-5
8.05640E+1	3.05178E-5
8.06057E+1	3.05178E-5
8.06474E+1	3.05178E-5
8.06891E+1	3.05178E-5
8.07308E+1	3.05178E-5
8.07724E+1	6.10356E-5
8.08141E+1	6.10356E-5
8.08558E+1	6.10356E-5
8.08975E+1	6.10356E-5
8.09391E+1	6.10356E-5
8.09808E+1	6.10356E-5
8.10225E+1	6.10356E-5
8.10642E+1	6.10356E-5
8.11059E+1	9.15532E-5
8.11475E+1	9.15532E-5
8.11892E+1	9.15532E-5
8.12309E+1	9.15532E-5
8.12726E+1	9.15532E-5
8.13143E+1	1.22071E-4
8.13559E+1	1.52589E-4
8.13976E+1	1.52589E-4
8.14393E+1	1.83106E-4
8.14810E+1	2.13624E-4
8.15226E+1	2.74660E-4
8.15643E+1	4.27248E-4
8.16060E+1	6.10355E-4
8.16477E+1	7.62943E-4
8.16894E+1	7.32426E-4
8.17310E+1	3.05178E-4
8.17727E+1	2.13624E-4
8.18144E+1	3.66213E-4
8.18561E+1	1.52589E-4
8.18977E+1	1.83106E-4
8.19394E+1	9.15532E-5
8.19811E+1	9.15532E-5
8.20228E+1	3.05178E-5
8.20645E+1	3.05178E-5
8.21061E+1	3.05178E-5
8.21478E+1	0.00000E+0
8.21895E+1	0.00000E+0
8.22312E+1	3.05178E-5
8.22729E+1	3.05178E-5
8.23145E+1	6.10356E-5
8.23562E+1	1.22071E-4
8.23979E+1	2.13624E-4
8.24396E+1	2.74660E-4
8.24812E+1	4.27248E-4
8.25229E+1	6.10355E-4
8.25646E+1	6.40873E-4
8.26063E+1	5.49320E-4
8.26480E+1	4.88285E-4
8.26896E+1	3.66213E-4
8.27313E+1	3.66213E-4
8.27730E+1	3.05178E-4
8.28147E+1	2.74660E-4
8.28563E+1	2.44142E-4
8.28980E+1	2.13624E-4
8.29397E+1	1.83106E-4
8.29814E+1	1.83106E-4
8.30231E+1	1.52589E-4
8.30647E+1	1.52589E-4
8.31064E+1	1.22071E-4
8.31481E+1	1.22071E-4
8.31898E+1	1.22071E-4
8.32315E+1	9.15532E-5
8.32731E+1	9.15532E-5
8.33148E+1	9.15532E-5
8.33565E+1	1.22071E-4
8.33982E+1	9.15532E-5
8.34398E+1	9.15532E-5
8.34815E+1	9.15532E-5
8.35232E+1	9.15532E-5
8.35649E+1	9.15532E-5
8.36066E+1	9.15532E-5
8.36482E+1	9.15532E-5
8.36899E+1	9.15532E-5
8.37316E+1	9.15532E-5
8.37733E+1	9.15532E-5
8.38149E+1	9.15532E-5
8.38566E+1	6.10356E-5
8.38983E+1	6.10356E-5
8.39400E+1	6.10356E-5
8.39817E+1	6.10356E-5
8.40233E+1	6.10356E-5
8.40650E+1	6.10356E-5
8.41067E+1	6.10356E-5
8.41484E+1	6.10356E-5
8.41901E+1	6.10356E-5
8.42317E+1	6.10356E-5
8.42734E+1	6.10356E-5
8.43151E+1	6.10356E-5
8.43568E+1	6.10356E-5
8.43984E+1	6.10356E-5
8.44401E+1	6.10356E-5
8.44818E+1	6.10356E-5
8.45235E+1	6.10356E-5
8.45652E+1	6.10356E-5
8.46068E+1	6.10356E-5
8.46485E+1	6.10356E-5
8.46902E+1	6.10356E-5
8.47319E+1	6.10356E-5
8.47735E+1	6.10356E-5
8.48152E+1	6.10356E-5
8.48569E+1	6.10356E-5
8.48986E+1	6.10356E-5
8.49403E+1	6.10356E-5
8.49819E+1	6.10356E-5
8.50236E+1	6.10356E-5
8.50653E+1	6.10356E-5
8.51070E+1	6.10356E-5
8.51487E+1	6.10356E-5
8.51903E+1	6.10356E-5
8.52320E+1	6.10356E-5
8.52737E+1	6.10356E-5
8.53154E+1	6.10356E-5
8.53570E+1	6.10356E-5
8.53987E+1	6.10356E-5
8.54404E+1	6.10356E-5
8.54821E+1	6.10356E-5
8.55238E+1	6.10356E-5
8.55654E+1	6.10356E-5
8.56071E+1	6.10356E-5
8.56488E+1	6.10356E-5
8.56905E+1	6.10356E-5
8.57321E+1	6.10356E-5
8.57738E+1	6.10356E-5
8.58155E+1	6.10356E-5
8.58572E+1	9.15532E-5
8.58989E+1	9.15532E-5
8.59405E+1	9.15532E-5
8.59822E+1	9.15532E-5
8.60239E+1	9.15532E-5
8.60656E+1	9.15532E-5
8.61073E+1	9.15532E-5
8.61489E+1	9.15532E-5
8.61906E+1	9.15532E-5
8.62323E+1	9.15532E-5
8.62740E+1	9.15532E-5
8.63156E+1	9.15532E-5
8.63573E+1	9.15532E-5
8.63990E+1	9.15532E-5
8.64407E+1	9.15532E-5
8.64824E+1	1.22071E-4
8.65240E+1	1.22071E-4
8.65657E+1	1.22071E-4
8.66074E+1	1.22071E-4
8.66491E+1	1.22071E-4
8.66907E+1	1.22071E-4
8.67324E+1	1.22071E-4
8.67741E+1	1.22071E-4
8.68158E+1	1.52589E-4
8.68575E+1	1.52589E-4
8.68991E+1	1.52589E-4
8.69408E+1	1.83106E-4
8.69825E+1	1.83106E-4
8.70242E+1	2.13624E-4
8.70659E+1	2.44142E-4
8.71075E+1	2.44142E-4
8.71492E+1	3.66213E-4
8.71909E+1	5.49320E-4
8.72326E+1	8.54496E-4
8.72742E+1	9.46049E-4
8.73159E+1	1.00709E-3
8.73576E+1	1.09864E-3
8.73993E+1	1.22071E-3
8.74410E+1	1.37330E-3
8.74826E+1	1.52589E-3
8.75243E+1	1.70899E-3
8.75660E+1	1.92261E-3
8.76077E+1	2.04469E-3
8.76493E+1	2.01418E-3
8.76910E+1	1.86158E-3
8.77327E+1	1.00709E-3
8.77744E+1	3.05178E-4
8.78161E+1	3.05178E-4
8.78577E+1	3.05178E-4
8.78994E+1	2.74660E-4
8.79411E+1	2.74660E-4
8.79828E+1	2.74660E-4
8.80245E+1	2.44142E-4
8.80661E+1	2.44142E-4
8.81078E+1	2.44142E-4
8.81495E+1	2.44142E-4
8.81912E+1	2.44142E-4
8.82328E+1	2.44142E-4
8.82745E+1	2.44142E-4
8.83162E+1	2.13624E-4
8.83579E+1	2.13624E-4
8.83996E+1	2.13624E-4
8.84412E+1	1.83106E-4
8.84829E+1	2.13624E-4
8.85246E+1	2.13624E-4
8.85663E+1	2.13624E-4
8.86079E+1	1.83106E-4
8.86496E+1	1.83106E-4
8.86913E+1	1.83106E-4
8.87330E+1	1.83106E-4
8.87747E+1	1.52589E-4
8.88163E+1	1.52589E-4
8.88580E+1	1.22071E-4
8.88997E+1	1.22071E-4
8.89414E+1	1.22071E-4
8.89831E+1	1.22071E-4
8.90247E+1	1.22071E-4
8.90664E+1	9.15532E-5
8.91081E+1	9.15532E-5
8.91498E+1	1.22071E-4
8.91914E+1	1.22071E-4
8.92331E+1	1.52589E-4
8.92748E+1	1.52589E-4
8.93165E+1	1.22071E-4
8.93582E+1	9.15532E-5
8.93998E+1	1.22071E-4
8.94415E+1	9.15532E-5
8.94832E+1	9.15532E-5
8.95249E+1	9.15532E-5
8.95665E+1	9.15532E-5
8.96082E+1	9.15532E-5
8.96499E+1	9.15532E-5
8.96916E+1	9.15532E-5
8.97333E+1	9.15532E-5
8.97749E+1	9.15532E-5
8.98166E+1	9.15532E-5
8.98583E+1	9.15532E-5
8.99000E+1	9.15532E-5
8.99417E+1	9.15532E-5
8.99833E+1	9.15532E-5
9.00250E+1	9.15532E-5
9.00667E+1	9.15532E-5
9.01084E+1	9.15532E-5
9.01500E+1	9.15532E-5
9.01917E+1	9.15532E-5
9.02334E+1	9.15532E-5
9.02751E+1	9.15532E-5
9.03168E+1	9.15532E-5
9.03584E+1	9.15532E-5
9.04001E+1	9.15532E-5
9.04418E+1	9.15532E-5
9.04835E+1	9.15532E-5
9.05251E+1	9.15532E-5
9.05668E+1	6.10356E-5
9.06085E+1	9.15532E-5
9.06502E+1	9.15532E-5
9.06919E+1	6.10356E-5
9.07335E+1	9.15532E-5
9.07752E+1	6.10356E-5
9.08169E+1	9.15532E-5
9.08586E+1	9.15532E-5
9.09003E+1	9.15532E-5
9.09419E+1	9.15532E-5
9.09836E+1	9.15532E-5
9.10253E+1	9.15532E-5
9.10670E+1	9.15532E-5
9.11086E+1	9.15532E-5
9.11503E+1	9.15532E-5
9.11920E+1	9.15532E-5
9.12337E+1	9.15532E-5
9.12754E+1	9.15532E-5
9.13170E+1	9.15532E-5
9.13587E+1	9.15532E-5
9.14004E+1	9.15532E-5
9.14421E+1	9.15532E-5
9.14837E+1	9.15532E-5
9.15254E+1	9.15532E-5
9.15671E+1	9.15532E-5
9.16088E+1	9.15532E-5
9.16505E+1	1.22071E-4
9.16921E+1	1.22071E-4
9.17338E+1	1.22071E-4
9.17755E+1	1.22071E-4
9.18172E+1	1.22071E-4
9.18588E+1	1.22071E-4
9.19005E+1	1.22071E-4
9.19422E+1	1.22071E-4
9.19839E+1	1.22071E-4
9.20256E+1	1.22071E-4
9.20672E+1	1.22071E-4
9.21089E+1	1.52589E-4
9.21506E+1	1.52589E-4
9.21923E+1	1.83106E-4
9.22340E+1	1.83106E-4
9.22756E+1	2.13624E-4
9.23173E+1	2.13624E-4
9.23590E+1	1.83106E-4
9.24007E+1	1.83106E-4
9.24423E+1	1.83106E-4
9.24840E+1	1.83106E-4
9.25257E+1	1.83106E-4
9.25674E+1	1.83106E-4
9.26091E+1	1.52589E-4
9.26507E+1	1.52589E-4
9.26924E+1	1.52589E-4
9.27341E+1	1.52589E-4
9.27758E+1	1.52589E-4
9.28174E+1	1.83106E-4
9.28591E+1	1.83106E-4
9.29008E+1	1.83106E-4
9.29425E+1	1.83106E-4
9.29842E+1	1.83106E-4
9.30258E+1	1.83106E-4
9.30675E+1	1.83106E-4
9.31092E+1	1.83106E-4
9.31509E+1	1.52589E-4
9.31926E+1	1.22071E-4
9.32342E+1	1.22071E-4
9.32759E+1	1.52589E-4
9.33176E+1	1.22071E-4
9.33593E+1	1.52589E-4
9.34009E+1	1.22071E-4
9.34426E+1	1.22071E-4
9.34843E+1	1.22071E-4
9.35260E+1	1.22071E-4
9.35677E+1	1.22071E-4
9.36093E+1	1.22071E-4
9.36510E+1	1.22071E-4
9.36927E+1	1.22071E-4
9.37344E+1	1.22071E-4
9.37760E+1	1.22071E-4
9.38177E+1	1.22071E-4
9.38594E+1	1.22071E-4
9.39011E+1	1.22071E-4
9.39428E+1	1.22071E-4
9.39844E+1	1.22071E-4
9.40261E+1	9.15532E-5
9.40678E+1	9.15532E-5
9.41095E+1	9.15532E-5
9.41512E+1	9.15532E-5
9.41928E+1	9.15532E-5
9.42345E+1	9.15532E-5
9.42762E+1	9.15532E-5
9.43179E+1	9.15532E-5
9.43595E+1	9.15532E-5
9.44012E+1	9.15532E-5
9.44429E+1	9.15532E-5
9.44846E+1	9.15532E-5
9.45263E+1	9.15532E-5
9.45679E+1	9.15532E-5
9.46096E+1	9.15532E-5
9.46513E+1	9.15532E-5
9.46930E+1	9.15532E-5
9.47346E+1	9.15532E-5
9.47763E+1	9.15532E-5
9.48180E+1	9.15532E-5
9.48597E+1	9.15532E-5
9.49014E+1	9.15532E-5
9.49430E+1	9.15532E-5
9.49847E+1	9.15532E-5
9.50264E+1	9.15532E-5
9.50681E+1	9.15532E-5
9.51098E+1	9.15532E-5
9.51514E+1	6.10356E-5
9.51931E+1	6.10356E-5
9.52348E+1	9.15532E-5
9.52765E+1	9.15532E-5
9.53181E+1	6.10356E-5
9.53598E+1	9.15532E-5
9.54015E+1	6.10356E-5
9.54432E+1	9.15532E-5
9.54849E+1	9.15532E-5
9.55265E+1	6.10356E-5
9.55682E+1	6.10356E-5
9.56099E+1	9.15532E-5
9.56516E+1	9.15532E-5
9.56932E+1	9.15532E-5
9.57349E+1	9.15532E-5
9.57766E+1	9.15532E-5
9.58183E+1	9.15532E-5
9.58600E+1	1.22071E-4
9.59016E+1	1.22071E-4
9.59433E+1	1.22071E-4
9.59850E+1	1.22071E-4
9.60267E+1	1.22071E-4
9.60684E+1	1.22071E-4
9.61100E+1	1.22071E-4
9.61517E+1	1.52589E-4
9.61934E+1	2.74660E-4
9.62351E+1	3.35695E-4
9.62767E+1	3.96730E-4
9.63184E+1	3.66213E-4
9.63601E+1	4.57766E-4
9.64018E+1	5.18803E-4
9.64435E+1	4.57766E-4
9.64851E+1	1.83106E-4
9.65268E+1	1.52589E-4
9.65685E+1	1.52589E-4
9.66102E+1	1.22071E-4
9.66518E+1	1.22071E-4
9.66935E+1	1.22071E-4
9.67352E+1	1.22071E-4
9.67769E+1	1.22071E-4
9.68186E+1	9.15532E-5
9.68602E+1	9.15532E-5
9.69019E+1	9.15532E-5
9.69436E+1	9.15532E-5
9.69853E+1	9.15532E-5
9.70270E+1	9.15532E-5
9.70686E+1	9.15532E-5
9.71103E+1	9.15532E-5
9.71520E+1	6.10356E-5
9.71937E+1	6.10356E-5
9.72353E+1	6.10356E-5
9.72770E+1	6.10356E-5
9.73187E+1	6.10356E-5
9.73604E+1	6.10356E-5
9.74021E+1	3.05178E-5
9.74437E+1	3.05178E-5
9.74854E+1	3.05178E-5
9.75271E+1	3.05178E-5
9.75688E+1	3.05178E-5
9.76104E+1	3.05178E-5
9.76521E+1	3.05178E-5
9.76938E+1	3.05178E-5
9.77355E+1	3.05178E-5
9.77772E+1	3.05178E-5
9.78188E+1	3.05178E-5
9.78605E+1	3.05178E-5
9.79022E+1	3.05178E-5
9.79439E+1	3.05178E-5
9.79856E+1	3.05178E-5
9.80272E+1	3.05178E-5
9.80689E+1	0.00000E+0
9.81106E+1	0.00000E+0
9.81523E+1	0.00000E+0
9.81939E+1	0.00000E+0
9.82356E+1	0.00000E+0
9.82773E+1	0.00000E+0
9.83190E+1	0.00000E+0
9.83607E+1	0.00000E+0
9.84023E+1	0.00000E+0
9.84440E+1	0.00000E+0
9.84857E+1	0.00000E+0
9.85274E+1	0.00000E+0
9.85690E+1	0.00000E+0
9.86107E+1	0.00000E+0
9.86524E+1	0.00000E+0
9.86941E+1	0.00000E+0
9.87358E+1	0.00000E+0
9.87774E+1	0.00000E+0
9.88191E+1	0.00000E+0
9.88608E+1	0.00000E+0
9.89025E+1	0.00000E+0
9.89442E+1	0.00000E+0
9.89858E+1	0.00000E+0
9.90275E+1	0.00000E+0
9.90692E+1	0.00000E+0
9.91109E+1	0.00000E+0
9.91525E+1	0.00000E+0
9.91942E+1	0.00000E+0
9.92359E+1	0.00000E+0
9.92776E+1	0.00000E+0
9.93193E+1	0.00000E+0
9.93609E+1	0.00000E+0
9.94026E+1	0.00000E+0
9.94443E+1	0.00000E+0
9.94860E+1	0.00000E+0
9.95276E+1	0.00000E+0
9.95693E+1	0.00000E+0
9.96110E+1	0.00000E+0
9.96527E+1	0.00000E+0
9.96944E+1	0.00000E+0
9.97360E+1	0.00000E+0
9.97777E+1	0.00000E+0
9.98194E+1	0.00000E+0
9.98611E+1	0.00000E+0
9.99028E+1	0.00000E+0
9.99444E+1	0.00000E+0
9.99861E+1	0.00000E+0
1.00028E+2	0.00000E+0
1.00069E+2	0.00000E+0
1.00111E+2	0.00000E+0
1.00153E+2	0.00000E+0
1.00194E+2	0.00000E+0
1.00236E+2	0.00000E+0
1.00278E+2	0.00000E+0
1.00320E+2	0.00000E+0
1.00361E+2	0.00000E+0
1.00403E+2	0.00000E+0
1.00445E+2	0.00000E+0
1.00486E+2	0.00000E+0
1.00528E+2	0.00000E+0
1.00570E+2	0.00000E+0
1.00611E+2	0.00000E+0
1.00653E+2	0.00000E+0
1.00695E+2	0.00000E+0
1.00736E+2	0.00000E+0
1.00778E+2	0.00000E+0
1.00820E+2	0.00000E+0
1.00861E+2	0.00000E+0
1.00903E+2	0.00000E+0
1.00945E+2	0.00000E+0
1.00986E+2	0.00000E+0
1.01028E+2	0.00000E+0
1.01070E+2	0.00000E+0
1.01111E+2	0.00000E+0
1.01153E+2	0.00000E+0
1.01195E+2	0.00000E+0
1.01236E+2	0.00000E+0
1.01278E+2	0.00000E+0
1.01320E+2	0.00000E+0
1.01361E+2	0.00000E+0
1.01403E+2	0.00000E+0
1.01445E+2	0.00000E+0
1.01487E+2	0.00000E+0
1.01528E+2	0.00000E+0
1.01570E+2	0.00000E+0
1.01612E+2	0.00000E+0
1.01653E+2	0.00000E+0
1.01695E+2	0.00000E+0
1.01737E+2	0.00000E+0
1.01778E+2	0.00000E+0
1.01820E+2	0.00000E+0
1.01862E+2	0.00000E+0
1.01903E+2	0.00000E+0
1.01945E+2	0.00000E+0
1.01987E+2	0.00000E+0
1.02028E+2	0.00000E+0
1.02070E+2	0.00000E+0
1.02112E+2	0.00000E+0
1.02153E+2	0.00000E+0
1.02195E+2	0.00000E+0
1.02237E+2	0.00000E+0
1.02278E+2	0.00000E+0
1.02320E+2	0.00000E+0
1.02362E+2	0.00000E+0
1.02403E+2	0.00000E+0
1.02445E+2	0.00000E+0
1.02487E+2	0.00000E+0
1.02528E+2	0.00000E+0
1.02570E+2	0.00000E+0
1.02612E+2	0.00000E+0
1.02654E+2	0.00000E+0
1.02695E+2	0.00000E+0
1.02737E+2	0.00000E+0
1.02779E+2	0.00000E+0
1.02820E+2	0.00000E+0
1.02862E+2	0.00000E+0
1.02904E+2	3.05178E-5
1.02945E+2	3.05178E-5
1.02987E+2	3.05178E-5
1.03029E+2	3.05178E-5
1.03070E+2	3.05178E-5
1.03112E+2	3.05178E-5
1.03154E+2	3.05178E-5
1.03195E+2	3.05178E-5
1.03237E+2	3.05178E-5
1.03279E+2	0.00000E+0
1.03320E+2	3.05178E-5
1.03362E+2	3.05178E-5
1.03404E+2	0.00000E+0
1.03445E+2	0.00000E+0
1.03487E+2	0.00000E+0
1.03529E+2	0.00000E+0
1.03570E+2	0.00000E+0
1.03612E+2	0.00000E+0
1.03654E+2	0.00000E+0
1.03695E+2	0.00000E+0
1.03737E+2	0.00000E+0
1.03779E+2	0.00000E+0
1.03821E+2	0.00000E+0
1.03862E+2	0.00000E+0
1.03904E+2	0.00000E+0
1.03946E+2	0.00000E+0
1.03987E+2	0.00000E+0
1.04029E+2	0.00000E+0
1.04071E+2	0.00000E+0
1.04112E+2	0.00000E+0
1.04154E+2	0.00000E+0
1.04196E+2	0.00000E+0
1.04237E+2	0.00000E+0
1.04279E+2	0.00000E+0
1.04321E+2	0.00000E+0
1.04362E+2	0.00000E+0
1.04404E+2	0.00000E+0
1.04446E+2	0.00000E+0
1.04487E+2	0.00000E+0
1.04529E+2	0.00000E+0
1.04571E+2	0.00000E+0
1.04612E+2	0.00000E+0
1.04654E+2	0.00000E+0
1.04696E+2	0.00000E+0
1.04737E+2	0.00000E+0
1.04779E+2	0.00000E+0
1.04821E+2	0.00000E+0
1.04862E+2	0.00000E+0
1.04904E+2	0.00000E+0
1.04946E+2	0.00000E+0
1.04987E+2	0.00000E+0
