0.00000E+0	0.00000E+0
3.05640E-2	1.12916E-3
6.11281E-2	1.12916E-3
9.16921E-2	1.09864E-3
1.22256E-1	1.06812E-3
1.52820E-1	1.03761E-3
1.83384E-1	1.00709E-3
2.13948E-1	9.76570E-4
2.44512E-1	9.15531E-4
2.75076E-1	8.85013E-4
3.05640E-1	8.23978E-4
3.36205E-1	7.62943E-4
3.66769E-1	7.32426E-4
3.97333E-1	6.71390E-4
4.27897E-1	6.40873E-4
4.58461E-1	6.10355E-4
4.89025E-1	5.79838E-4
5.19589E-1	5.49320E-4
5.50153E-1	5.18803E-4
5.80717E-1	4.88285E-4
6.11281E-1	4.57766E-4
6.41845E-1	4.27248E-4
6.72409E-1	4.27248E-4
7.02973E-1	3.96730E-4
7.33537E-1	3.66213E-4
7.64101E-1	3.35695E-4
7.94665E-1	3.35695E-4
8.25229E-1	3.05178E-4
8.55793E-1	2.74660E-4
8.86357E-1	2.74660E-4
9.16921E-1	2.44142E-4
9.47485E-1	2.44142E-4
9.78049E-1	2.44142E-4
1.00861E+0	2.13624E-4
1.03918E+0	2.13624E-4
1.06974E+0	1.83106E-4
1.10031E+0	1.83106E-4
1.13087E+0	1.83106E-4
1.16143E+0	1.83106E-4
1.19200E+0	1.52589E-4
1.22256E+0	1.52589E-4
1.25313E+0	1.22071E-4
1.28369E+0	1.22071E-4
1.31425E+0	1.22071E-4
1.34482E+0	1.22071E-4
1.37538E+0	1.22071E-4
1.40595E+0	1.22071E-4
1.43651E+0	1.22071E-4
1.46707E+0	1.22071E-4
1.49764E+0	1.22071E-4
1.52820E+0	9.15532E-5
1.55877E+0	9.15532E-5
1.58933E+0	9.15532E-5
1.61989E+0	9.15532E-5
1.65046E+0	9.15532E-5
1.68102E+0	9.15532E-5
1.71159E+0	9.15532E-5
1.74215E+0	9.15532E-5
1.77271E+0	6.10356E-5
1.80328E+0	6.10356E-5
1.83384E+0	6.10356E-5
1.86441E+0	6.10356E-5
1.89497E+0	6.10356E-5
1.92553E+0	6.10356E-5
1.95610E+0	6.10356E-5
1.98666E+0	6.10356E-5
2.01723E+0	3.05178E-5
2.04779E+0	6.10356E-5
2.07836E+0	6.10356E-5
2.10892E+0	6.10356E-5
2.13948E+0	6.10356E-5
2.17005E+0	6.10356E-5
2.20061E+0	6.10356E-5
2.23118E+0	3.05178E-5
2.26174E+0	6.10356E-5
2.29230E+0	3.05178E-5
2.32287E+0	6.10356E-5
2.35343E+0	3.05178E-5
2.38400E+0	3.05178E-5
2.41456E+0	3.05178E-5
2.44512E+0	3.05178E-5
2.47569E+0	3.05178E-5
2.50625E+0	3.05178E-5
2.53682E+0	3.05178E-5
2.56738E+0	3.05178E-5
2.59794E+0	3.05178E-5
2.62851E+0	3.05178E-5
2.65907E+0	3.05178E-5
2.68964E+0	3.05178E-5
2.72020E+0	0.00000E+0
2.75076E+0	3.05178E-5
2.78133E+0	3.05178E-5
2.81189E+0	3.05178E-5
2.84246E+0	3.05178E-5
2.87302E+0	3.05178E-5
2.90358E+0	3.05178E-5
2.93415E+0	3.05178E-5
2.96471E+0	3.05178E-5
2.99528E+0	3.05178E-5
3.02584E+0	3.05178E-5
3.05640E+0	3.05178E-5
3.08697E+0	3.05178E-5
3.11753E+0	3.05178E-5
3.14810E+0	3.05178E-5
3.17866E+0	3.05178E-5
3.20922E+0	3.05178E-5
3.23979E+0	0.00000E+0
3.27035E+0	3.05178E-5
3.30092E+0	0.00000E+0
3.33148E+0	0.00000E+0
3.36205E+0	0.00000E+0
3.39261E+0	0.00000E+0
3.42317E+0	0.00000E+0
3.45374E+0	0.00000E+0
3.48430E+0	0.00000E+0
3.51487E+0	0.00000E+0
3.54543E+0	0.00000E+0
3.57599E+0	0.00000E+0
3.60656E+0	0.00000E+0
3.63712E+0	0.00000E+0
3.66769E+0	0.00000E+0
3.69825E+0	0.00000E+0
3.72881E+0	0.00000E+0
3.75938E+0	0.00000E+0
3.78994E+0	0.00000E+0
3.82051E+0	0.00000E+0
3.85107E+0	0.00000E+0
3.88163E+0	0.00000E+0
3.91220E+0	0.00000E+0
3.94276E+0	0.00000E+0
3.97333E+0	0.00000E+0
4.00389E+0	0.00000E+0
4.03445E+0	0.00000E+0
4.06502E+0	0.00000E+0
4.09558E+0	0.00000E+0
4.12615E+0	0.00000E+0
4.15671E+0	0.00000E+0
4.18727E+0	0.00000E+0
4.21784E+0	0.00000E+0
4.24840E+0	0.00000E+0
4.27897E+0	0.00000E+0
4.30953E+0	0.00000E+0
4.34009E+0	0.00000E+0
4.37066E+0	0.00000E+0
4.40122E+0	0.00000E+0
4.43179E+0	0.00000E+0
4.46235E+0	0.00000E+0
4.49291E+0	0.00000E+0
4.52348E+0	0.00000E+0
4.55404E+0	0.00000E+0
4.58461E+0	0.00000E+0
4.61517E+0	0.00000E+0
4.64573E+0	0.00000E+0
4.67630E+0	0.00000E+0
4.70686E+0	0.00000E+0
4.73743E+0	0.00000E+0
4.76799E+0	0.00000E+0
4.79856E+0	0.00000E+0
4.82912E+0	0.00000E+0
4.85968E+0	0.00000E+0
4.89025E+0	0.00000E+0
4.92081E+0	0.00000E+0
4.95138E+0	0.00000E+0
4.98194E+0	0.00000E+0
5.01250E+0	0.00000E+0
5.04307E+0	0.00000E+0
5.07363E+0	0.00000E+0
5.10420E+0	0.00000E+0
5.13476E+0	0.00000E+0
5.16532E+0	0.00000E+0
5.19589E+0	0.00000E+0
5.22645E+0	0.00000E+0
5.25702E+0	0.00000E+0
5.28758E+0	0.00000E+0
5.31814E+0	0.00000E+0
5.34871E+0	0.00000E+0
5.37927E+0	0.00000E+0
5.40984E+0	0.00000E+0
5.44040E+0	0.00000E+0
5.47096E+0	0.00000E+0
5.50153E+0	0.00000E+0
5.53209E+0	0.00000E+0
5.56266E+0	0.00000E+0
5.59322E+0	0.00000E+0
5.62378E+0	0.00000E+0
5.65435E+0	0.00000E+0
5.68491E+0	0.00000E+0
5.71548E+0	0.00000E+0
5.74604E+0	0.00000E+0
5.77660E+0	0.00000E+0
5.80717E+0	0.00000E+0
5.83773E+0	0.00000E+0
5.86830E+0	0.00000E+0
5.89886E+0	0.00000E+0
5.92942E+0	0.00000E+0
5.95999E+0	0.00000E+0
5.99055E+0	0.00000E+0
6.02112E+0	0.00000E+0
6.05168E+0	0.00000E+0
6.08225E+0	0.00000E+0
6.11281E+0	0.00000E+0
6.14337E+0	0.00000E+0
6.17394E+0	0.00000E+0
6.20450E+0	0.00000E+0
6.23507E+0	0.00000E+0
6.26563E+0	0.00000E+0
6.29619E+0	0.00000E+0
6.32676E+0	0.00000E+0
6.35732E+0	0.00000E+0
6.38789E+0	0.00000E+0
6.41845E+0	0.00000E+0
6.44901E+0	0.00000E+0
6.47958E+0	0.00000E+0
6.51014E+0	0.00000E+0
6.54071E+0	0.00000E+0
6.57127E+0	0.00000E+0
6.60183E+0	0.00000E+0
6.63240E+0	0.00000E+0
6.66296E+0	0.00000E+0
6.69353E+0	0.00000E+0
6.72409E+0	0.00000E+0
6.75465E+0	0.00000E+0
6.78522E+0	0.00000E+0
6.81578E+0	0.00000E+0
6.84635E+0	0.00000E+0
6.87691E+0	0.00000E+0
6.90747E+0	0.00000E+0
6.93804E+0	0.00000E+0
6.96860E+0	0.00000E+0
6.99917E+0	0.00000E+0
7.02973E+0	0.00000E+0
7.06029E+0	0.00000E+0
7.09086E+0	0.00000E+0
7.12142E+0	0.00000E+0
7.15199E+0	0.00000E+0
7.18255E+0	0.00000E+0
7.21311E+0	0.00000E+0
7.24368E+0	0.00000E+0
7.27424E+0	0.00000E+0
7.30481E+0	0.00000E+0
7.33537E+0	0.00000E+0
7.36593E+0	0.00000E+0
7.39650E+0	0.00000E+0
7.42706E+0	0.00000E+0
7.45763E+0	0.00000E+0
7.48819E+0	0.00000E+0
7.51876E+0	0.00000E+0
7.54932E+0	0.00000E+0
7.57988E+0	0.00000E+0
7.61045E+0	0.00000E+0
7.64101E+0	0.00000E+0
7.67158E+0	0.00000E+0
7.70214E+0	0.00000E+0
7.73270E+0	0.00000E+0
7.76327E+0	0.00000E+0
7.79383E+0	0.00000E+0
7.82440E+0	0.00000E+0
7.85496E+0	0.00000E+0
7.88552E+0	0.00000E+0
7.91609E+0	0.00000E+0
7.94665E+0	0.00000E+0
7.97722E+0	0.00000E+0
8.00778E+0	0.00000E+0
8.03834E+0	0.00000E+0
8.06891E+0	0.00000E+0
8.09947E+0	0.00000E+0
8.13004E+0	0.00000E+0
8.16060E+0	0.00000E+0
8.19116E+0	0.00000E+0
8.22173E+0	0.00000E+0
8.25229E+0	0.00000E+0
8.28286E+0	0.00000E+0
8.31342E+0	0.00000E+0
8.34398E+0	0.00000E+0
8.37455E+0	0.00000E+0
8.40511E+0	0.00000E+0
8.43568E+0	0.00000E+0
8.46624E+0	0.00000E+0
8.49680E+0	0.00000E+0
8.52737E+0	0.00000E+0
8.55793E+0	0.00000E+0
8.58850E+0	0.00000E+0
8.61906E+0	0.00000E+0
8.64962E+0	0.00000E+0
8.68019E+0	0.00000E+0
8.71075E+0	0.00000E+0
8.74132E+0	0.00000E+0
8.77188E+0	0.00000E+0
8.80245E+0	0.00000E+0
8.83301E+0	0.00000E+0
8.86357E+0	0.00000E+0
8.89414E+0	0.00000E+0
8.92470E+0	0.00000E+0
8.95527E+0	0.00000E+0
8.98583E+0	0.00000E+0
9.01639E+0	0.00000E+0
9.04696E+0	0.00000E+0
9.07752E+0	0.00000E+0
9.10809E+0	0.00000E+0
9.13865E+0	0.00000E+0
9.16921E+0	0.00000E+0
9.19978E+0	0.00000E+0
9.23034E+0	0.00000E+0
9.26091E+0	0.00000E+0
9.29147E+0	0.00000E+0
9.32203E+0	0.00000E+0
9.35260E+0	0.00000E+0
9.38316E+0	0.00000E+0
9.41373E+0	0.00000E+0
9.44429E+0	0.00000E+0
9.47485E+0	0.00000E+0
9.50542E+0	0.00000E+0
9.53598E+0	0.00000E+0
9.56655E+0	0.00000E+0
9.59711E+0	0.00000E+0
9.62767E+0	0.00000E+0
9.65824E+0	0.00000E+0
9.68880E+0	0.00000E+0
9.71937E+0	0.00000E+0
9.74993E+0	0.00000E+0
9.78049E+0	0.00000E+0
9.81106E+0	0.00000E+0
9.84162E+0	0.00000E+0
9.87219E+0	0.00000E+0
9.90275E+0	0.00000E+0
9.93331E+0	0.00000E+0
9.96388E+0	0.00000E+0
9.99444E+0	0.00000E+0
1.00250E+1	0.00000E+0
1.00556E+1	0.00000E+0
1.00861E+1	0.00000E+0
1.01167E+1	0.00000E+0
1.01473E+1	0.00000E+0
1.01778E+1	0.00000E+0
1.02084E+1	0.00000E+0
1.02390E+1	0.00000E+0
1.02695E+1	0.00000E+0
1.03001E+1	0.00000E+0
1.03306E+1	0.00000E+0
1.03612E+1	0.00000E+0
1.03918E+1	0.00000E+0
1.04223E+1	0.00000E+0
1.04529E+1	0.00000E+0
1.04835E+1	0.00000E+0
1.05140E+1	0.00000E+0
1.05446E+1	0.00000E+0
1.05752E+1	0.00000E+0
1.06057E+1	0.00000E+0
1.06363E+1	0.00000E+0
1.06669E+1	0.00000E+0
1.06974E+1	0.00000E+0
1.07280E+1	0.00000E+0
1.07585E+1	0.00000E+0
1.07891E+1	0.00000E+0
1.08197E+1	0.00000E+0
1.08502E+1	0.00000E+0
1.08808E+1	0.00000E+0
1.09114E+1	0.00000E+0
1.09419E+1	0.00000E+0
1.09725E+1	0.00000E+0
1.10031E+1	0.00000E+0
1.10336E+1	0.00000E+0
1.10642E+1	0.00000E+0
1.10947E+1	0.00000E+0
1.11253E+1	0.00000E+0
1.11559E+1	0.00000E+0
1.11864E+1	0.00000E+0
1.12170E+1	0.00000E+0
1.12476E+1	0.00000E+0
1.12781E+1	0.00000E+0
1.13087E+1	0.00000E+0
1.13393E+1	0.00000E+0
1.13698E+1	0.00000E+0
1.14004E+1	0.00000E+0
1.14310E+1	0.00000E+0
1.14615E+1	0.00000E+0
1.14921E+1	0.00000E+0
1.15226E+1	0.00000E+0
1.15532E+1	0.00000E+0
1.15838E+1	0.00000E+0
1.16143E+1	0.00000E+0
1.16449E+1	0.00000E+0
1.16755E+1	0.00000E+0
1.17060E+1	0.00000E+0
1.17366E+1	0.00000E+0
1.17672E+1	0.00000E+0
1.17977E+1	0.00000E+0
1.18283E+1	0.00000E+0
1.18588E+1	0.00000E+0
1.18894E+1	0.00000E+0
1.19200E+1	0.00000E+0
1.19505E+1	0.00000E+0
1.19811E+1	0.00000E+0
1.20117E+1	0.00000E+0
1.20422E+1	0.00000E+0
1.20728E+1	0.00000E+0
1.21034E+1	0.00000E+0
1.21339E+1	0.00000E+0
1.21645E+1	0.00000E+0
1.21951E+1	0.00000E+0
1.22256E+1	0.00000E+0
1.22562E+1	0.00000E+0
1.22867E+1	0.00000E+0
1.23173E+1	3.05178E-5
1.23479E+1	0.00000E+0
1.23784E+1	0.00000E+0
1.24090E+1	0.00000E+0
1.24396E+1	0.00000E+0
1.24701E+1	0.00000E+0
1.25007E+1	0.00000E+0
1.25313E+1	0.00000E+0
1.25618E+1	0.00000E+0
1.25924E+1	0.00000E+0
1.26230E+1	0.00000E+0
1.26535E+1	0.00000E+0
1.26841E+1	0.00000E+0
1.27146E+1	0.00000E+0
1.27452E+1	0.00000E+0
1.27758E+1	0.00000E+0
1.28063E+1	0.00000E+0
1.28369E+1	0.00000E+0
1.28675E+1	0.00000E+0
1.28980E+1	0.00000E+0
1.29286E+1	0.00000E+0
1.29592E+1	0.00000E+0
1.29897E+1	0.00000E+0
1.30203E+1	0.00000E+0
1.30508E+1	0.00000E+0
1.30814E+1	0.00000E+0
1.31120E+1	0.00000E+0
1.31425E+1	0.00000E+0
1.31731E+1	0.00000E+0
1.32037E+1	0.00000E+0
1.32342E+1	0.00000E+0
1.32648E+1	0.00000E+0
1.32954E+1	0.00000E+0
1.33259E+1	0.00000E+0
1.33565E+1	0.00000E+0
1.33871E+1	0.00000E+0
1.34176E+1	0.00000E+0
1.34482E+1	0.00000E+0
1.34787E+1	0.00000E+0
1.35093E+1	0.00000E+0
1.35399E+1	0.00000E+0
1.35704E+1	0.00000E+0
1.36010E+1	0.00000E+0
1.36316E+1	0.00000E+0
1.36621E+1	0.00000E+0
1.36927E+1	0.00000E+0
1.37233E+1	0.00000E+0
1.37538E+1	0.00000E+0
1.37844E+1	0.00000E+0
1.38149E+1	0.00000E+0
1.38455E+1	0.00000E+0
1.38761E+1	0.00000E+0
1.39066E+1	0.00000E+0
1.39372E+1	0.00000E+0
1.39678E+1	0.00000E+0
1.39983E+1	0.00000E+0
1.40289E+1	0.00000E+0
1.40595E+1	0.00000E+0
1.40900E+1	0.00000E+0
1.41206E+1	0.00000E+0
1.41512E+1	0.00000E+0
1.41817E+1	0.00000E+0
1.42123E+1	0.00000E+0
1.42428E+1	0.00000E+0
1.42734E+1	0.00000E+0
1.43040E+1	0.00000E+0
1.43345E+1	0.00000E+0
1.43651E+1	3.05178E-5
1.43957E+1	3.05178E-5
1.44262E+1	3.05178E-5
1.44568E+1	6.10356E-5
1.44874E+1	9.15532E-5
1.45179E+1	1.22071E-4
1.45485E+1	1.22071E-4
1.45790E+1	1.22071E-4
1.46096E+1	9.15532E-5
1.46402E+1	6.10356E-5
1.46707E+1	6.10356E-5
1.47013E+1	6.10356E-5
1.47319E+1	3.05178E-5
1.47624E+1	3.05178E-5
1.47930E+1	3.05178E-5
1.48236E+1	0.00000E+0
1.48541E+1	3.05178E-5
1.48847E+1	0.00000E+0
1.49153E+1	0.00000E+0
1.49458E+1	0.00000E+0
1.49764E+1	0.00000E+0
1.50069E+1	0.00000E+0
1.50375E+1	0.00000E+0
1.50681E+1	0.00000E+0
1.50986E+1	0.00000E+0
1.51292E+1	0.00000E+0
1.51598E+1	0.00000E+0
1.51903E+1	0.00000E+0
1.52209E+1	0.00000E+0
1.52515E+1	0.00000E+0
1.52820E+1	0.00000E+0
1.53126E+1	0.00000E+0
1.53432E+1	0.00000E+0
1.53737E+1	0.00000E+0
1.54043E+1	0.00000E+0
1.54348E+1	0.00000E+0
1.54654E+1	0.00000E+0
1.54960E+1	0.00000E+0
1.55265E+1	0.00000E+0
1.55571E+1	0.00000E+0
1.55877E+1	0.00000E+0
1.56182E+1	0.00000E+0
1.56488E+1	0.00000E+0
1.56794E+1	0.00000E+0
1.57099E+1	0.00000E+0
1.57405E+1	0.00000E+0
1.57710E+1	0.00000E+0
1.58016E+1	0.00000E+0
1.58322E+1	0.00000E+0
1.58627E+1	0.00000E+0
1.58933E+1	0.00000E+0
1.59239E+1	0.00000E+0
1.59544E+1	0.00000E+0
1.59850E+1	0.00000E+0
1.60156E+1	0.00000E+0
1.60461E+1	0.00000E+0
1.60767E+1	0.00000E+0
1.61073E+1	0.00000E+0
1.61378E+1	0.00000E+0
1.61684E+1	0.00000E+0
1.61989E+1	0.00000E+0
1.62295E+1	0.00000E+0
1.62601E+1	0.00000E+0
1.62906E+1	0.00000E+0
1.63212E+1	0.00000E+0
1.63518E+1	0.00000E+0
1.63823E+1	0.00000E+0
1.64129E+1	0.00000E+0
1.64435E+1	0.00000E+0
1.64740E+1	0.00000E+0
1.65046E+1	0.00000E+0
1.65351E+1	0.00000E+0
1.65657E+1	0.00000E+0
1.65963E+1	0.00000E+0
1.66268E+1	0.00000E+0
1.66574E+1	0.00000E+0
1.66880E+1	0.00000E+0
1.67185E+1	0.00000E+0
1.67491E+1	0.00000E+0
1.67797E+1	0.00000E+0
1.68102E+1	0.00000E+0
1.68408E+1	0.00000E+0
1.68714E+1	0.00000E+0
1.69019E+1	0.00000E+0
1.69325E+1	0.00000E+0
1.69630E+1	0.00000E+0
1.69936E+1	0.00000E+0
1.70242E+1	0.00000E+0
1.70547E+1	0.00000E+0
1.70853E+1	0.00000E+0
1.71159E+1	0.00000E+0
1.71464E+1	0.00000E+0
1.71770E+1	0.00000E+0
1.72076E+1	0.00000E+0
1.72381E+1	0.00000E+0
1.72687E+1	0.00000E+0
1.72992E+1	0.00000E+0
1.73298E+1	0.00000E+0
1.73604E+1	0.00000E+0
1.73909E+1	0.00000E+0
1.74215E+1	0.00000E+0
1.74521E+1	0.00000E+0
1.74826E+1	0.00000E+0
1.75132E+1	0.00000E+0
1.75438E+1	0.00000E+0
1.75743E+1	0.00000E+0
1.76049E+1	0.00000E+0
1.76355E+1	0.00000E+0
1.76660E+1	0.00000E+0
1.76966E+1	0.00000E+0
1.77271E+1	0.00000E+0
1.77577E+1	0.00000E+0
1.77883E+1	0.00000E+0
1.78188E+1	0.00000E+0
1.78494E+1	0.00000E+0
1.78800E+1	0.00000E+0
1.79105E+1	0.00000E+0
1.79411E+1	0.00000E+0
1.79717E+1	0.00000E+0
1.80022E+1	0.00000E+0
1.80328E+1	0.00000E+0
1.80634E+1	0.00000E+0
1.80939E+1	0.00000E+0
1.81245E+1	0.00000E+0
1.81550E+1	0.00000E+0
1.81856E+1	0.00000E+0
1.82162E+1	0.00000E+0
1.82467E+1	0.00000E+0
1.82773E+1	0.00000E+0
1.83079E+1	0.00000E+0
1.83384E+1	0.00000E+0
1.83690E+1	0.00000E+0
1.83996E+1	0.00000E+0
1.84301E+1	0.00000E+0
1.84607E+1	0.00000E+0
1.84912E+1	0.00000E+0
1.85218E+1	0.00000E+0
1.85524E+1	0.00000E+0
1.85829E+1	0.00000E+0
1.86135E+1	0.00000E+0
1.86441E+1	0.00000E+0
1.86746E+1	0.00000E+0
1.87052E+1	0.00000E+0
1.87358E+1	0.00000E+0
1.87663E+1	0.00000E+0
1.87969E+1	0.00000E+0
1.88275E+1	0.00000E+0
1.88580E+1	0.00000E+0
1.88886E+1	0.00000E+0
1.89191E+1	0.00000E+0
1.89497E+1	0.00000E+0
1.89803E+1	0.00000E+0
1.90108E+1	0.00000E+0
1.90414E+1	0.00000E+0
1.90720E+1	0.00000E+0
1.91025E+1	0.00000E+0
1.91331E+1	0.00000E+0
1.91637E+1	0.00000E+0
1.91942E+1	0.00000E+0
1.92248E+1	0.00000E+0
1.92553E+1	0.00000E+0
1.92859E+1	0.00000E+0
1.93165E+1	0.00000E+0
1.93470E+1	0.00000E+0
1.93776E+1	0.00000E+0
1.94082E+1	0.00000E+0
1.94387E+1	0.00000E+0
1.94693E+1	0.00000E+0
1.94999E+1	0.00000E+0
1.95304E+1	0.00000E+0
1.95610E+1	0.00000E+0
1.95916E+1	0.00000E+0
1.96221E+1	0.00000E+0
1.96527E+1	0.00000E+0
1.96832E+1	0.00000E+0
1.97138E+1	0.00000E+0
1.97444E+1	0.00000E+0
1.97749E+1	0.00000E+0
1.98055E+1	0.00000E+0
1.98361E+1	0.00000E+0
1.98666E+1	0.00000E+0
1.98972E+1	0.00000E+0
1.99278E+1	0.00000E+0
1.99583E+1	0.00000E+0
1.99889E+1	0.00000E+0
2.00194E+1	0.00000E+0
2.00500E+1	0.00000E+0
2.00806E+1	0.00000E+0
2.01111E+1	0.00000E+0
2.01417E+1	0.00000E+0
2.01723E+1	0.00000E+0
2.02028E+1	0.00000E+0
2.02334E+1	0.00000E+0
2.02640E+1	0.00000E+0
2.02945E+1	0.00000E+0
2.03251E+1	0.00000E+0
2.03557E+1	0.00000E+0
2.03862E+1	0.00000E+0
2.04168E+1	0.00000E+0
2.04473E+1	0.00000E+0
2.04779E+1	0.00000E+0
2.05085E+1	0.00000E+0
2.05390E+1	0.00000E+0
2.05696E+1	0.00000E+0
2.06002E+1	0.00000E+0
2.06307E+1	0.00000E+0
2.06613E+1	0.00000E+0
2.06919E+1	0.00000E+0
2.07224E+1	0.00000E+0
2.07530E+1	0.00000E+0
2.07836E+1	0.00000E+0
2.08141E+1	0.00000E+0
2.08447E+1	0.00000E+0
2.08752E+1	0.00000E+0
2.09058E+1	0.00000E+0
2.09364E+1	0.00000E+0
2.09669E+1	0.00000E+0
2.09975E+1	0.00000E+0
2.10281E+1	0.00000E+0
2.10586E+1	0.00000E+0
2.10892E+1	0.00000E+0
2.11198E+1	0.00000E+0
2.11503E+1	0.00000E+0
2.11809E+1	0.00000E+0
2.12114E+1	0.00000E+0
2.12420E+1	0.00000E+0
2.12726E+1	0.00000E+0
2.13031E+1	0.00000E+0
2.13337E+1	0.00000E+0
2.13643E+1	0.00000E+0
2.13948E+1	0.00000E+0
2.14254E+1	0.00000E+0
2.14560E+1	0.00000E+0
2.14865E+1	0.00000E+0
2.15171E+1	0.00000E+0
2.15477E+1	0.00000E+0
2.15782E+1	0.00000E+0
2.16088E+1	0.00000E+0
2.16393E+1	0.00000E+0
2.16699E+1	0.00000E+0
2.17005E+1	0.00000E+0
2.17310E+1	0.00000E+0
2.17616E+1	0.00000E+0
2.17922E+1	0.00000E+0
2.18227E+1	0.00000E+0
2.18533E+1	0.00000E+0
2.18839E+1	0.00000E+0
2.19144E+1	0.00000E+0
2.19450E+1	0.00000E+0
2.19755E+1	0.00000E+0
2.20061E+1	0.00000E+0
2.20367E+1	0.00000E+0
2.20672E+1	0.00000E+0
2.20978E+1	0.00000E+0
2.21284E+1	0.00000E+0
2.21589E+1	0.00000E+0
2.21895E+1	0.00000E+0
2.22201E+1	0.00000E+0
2.22506E+1	0.00000E+0
2.22812E+1	0.00000E+0
2.23118E+1	0.00000E+0
2.23423E+1	0.00000E+0
2.23729E+1	0.00000E+0
2.24034E+1	0.00000E+0
2.24340E+1	0.00000E+0
2.24646E+1	0.00000E+0
2.24951E+1	0.00000E+0
2.25257E+1	0.00000E+0
2.25563E+1	0.00000E+0
2.25868E+1	0.00000E+0
2.26174E+1	0.00000E+0
2.26480E+1	0.00000E+0
2.26785E+1	0.00000E+0
2.27091E+1	0.00000E+0
2.27396E+1	0.00000E+0
2.27702E+1	0.00000E+0
2.28008E+1	0.00000E+0
2.28313E+1	0.00000E+0
2.28619E+1	0.00000E+0
2.28925E+1	0.00000E+0
2.29230E+1	0.00000E+0
2.29536E+1	0.00000E+0
2.29842E+1	0.00000E+0
2.30147E+1	0.00000E+0
2.30453E+1	0.00000E+0
2.30759E+1	0.00000E+0
2.31064E+1	0.00000E+0
2.31370E+1	0.00000E+0
2.31675E+1	0.00000E+0
2.31981E+1	0.00000E+0
2.32287E+1	0.00000E+0
2.32592E+1	0.00000E+0
2.32898E+1	0.00000E+0
2.33204E+1	0.00000E+0
2.33509E+1	0.00000E+0
2.33815E+1	0.00000E+0
2.34121E+1	0.00000E+0
2.34426E+1	0.00000E+0
2.34732E+1	0.00000E+0
2.35038E+1	0.00000E+0
2.35343E+1	0.00000E+0
2.35649E+1	0.00000E+0
2.35954E+1	0.00000E+0
2.36260E+1	0.00000E+0
2.36566E+1	0.00000E+0
2.36871E+1	0.00000E+0
2.37177E+1	0.00000E+0
2.37483E+1	0.00000E+0
2.37788E+1	0.00000E+0
2.38094E+1	0.00000E+0
2.38400E+1	0.00000E+0
2.38705E+1	0.00000E+0
2.39011E+1	0.00000E+0
2.39316E+1	0.00000E+0
2.39622E+1	0.00000E+0
2.39928E+1	0.00000E+0
2.40233E+1	0.00000E+0
2.40539E+1	0.00000E+0
2.40845E+1	0.00000E+0
2.41150E+1	0.00000E+0
2.41456E+1	0.00000E+0
2.41762E+1	0.00000E+0
2.42067E+1	0.00000E+0
2.42373E+1	0.00000E+0
2.42679E+1	0.00000E+0
2.42984E+1	0.00000E+0
2.43290E+1	0.00000E+0
2.43595E+1	0.00000E+0
2.43901E+1	0.00000E+0
2.44207E+1	0.00000E+0
2.44512E+1	0.00000E+0
2.44818E+1	0.00000E+0
2.45124E+1	0.00000E+0
2.45429E+1	0.00000E+0
2.45735E+1	0.00000E+0
2.46041E+1	0.00000E+0
2.46346E+1	0.00000E+0
2.46652E+1	0.00000E+0
2.46957E+1	0.00000E+0
2.47263E+1	0.00000E+0
2.47569E+1	0.00000E+0
2.47874E+1	0.00000E+0
2.48180E+1	0.00000E+0
2.48486E+1	0.00000E+0
2.48791E+1	0.00000E+0
2.49097E+1	0.00000E+0
2.49403E+1	0.00000E+0
2.49708E+1	0.00000E+0
2.50014E+1	0.00000E+0
2.50320E+1	0.00000E+0
2.50625E+1	0.00000E+0
2.50931E+1	0.00000E+0
2.51236E+1	0.00000E+0
2.51542E+1	0.00000E+0
2.51848E+1	0.00000E+0
2.52153E+1	0.00000E+0
2.52459E+1	0.00000E+0
2.52765E+1	0.00000E+0
2.53070E+1	0.00000E+0
2.53376E+1	0.00000E+0
2.53682E+1	0.00000E+0
2.53987E+1	0.00000E+0
2.54293E+1	0.00000E+0
2.54598E+1	0.00000E+0
2.54904E+1	0.00000E+0
2.55210E+1	0.00000E+0
2.55515E+1	0.00000E+0
2.55821E+1	0.00000E+0
2.56127E+1	0.00000E+0
2.56432E+1	0.00000E+0
2.56738E+1	0.00000E+0
2.57044E+1	0.00000E+0
2.57349E+1	0.00000E+0
2.57655E+1	0.00000E+0
2.57961E+1	0.00000E+0
2.58266E+1	0.00000E+0
2.58572E+1	0.00000E+0
2.58877E+1	0.00000E+0
2.59183E+1	0.00000E+0
2.59489E+1	0.00000E+0
2.59794E+1	0.00000E+0
2.60100E+1	0.00000E+0
2.60406E+1	0.00000E+0
2.60711E+1	0.00000E+0
2.61017E+1	0.00000E+0
2.61323E+1	0.00000E+0
2.61628E+1	0.00000E+0
2.61934E+1	0.00000E+0
2.62240E+1	0.00000E+0
2.62545E+1	0.00000E+0
2.62851E+1	0.00000E+0
2.63156E+1	0.00000E+0
2.63462E+1	0.00000E+0
2.63768E+1	0.00000E+0
2.64073E+1	0.00000E+0
2.64379E+1	0.00000E+0
2.64685E+1	0.00000E+0
2.64990E+1	0.00000E+0
2.65296E+1	0.00000E+0
2.65602E+1	0.00000E+0
2.65907E+1	0.00000E+0
2.66213E+1	0.00000E+0
2.66518E+1	0.00000E+0
2.66824E+1	0.00000E+0
2.67130E+1	0.00000E+0
2.67435E+1	0.00000E+0
2.67741E+1	0.00000E+0
2.68047E+1	0.00000E+0
2.68352E+1	0.00000E+0
2.68658E+1	0.00000E+0
2.68964E+1	0.00000E+0
2.69269E+1	0.00000E+0
2.69575E+1	0.00000E+0
2.69881E+1	0.00000E+0
2.70186E+1	0.00000E+0
2.70492E+1	0.00000E+0
2.70797E+1	0.00000E+0
2.71103E+1	0.00000E+0
2.71409E+1	0.00000E+0
2.71714E+1	0.00000E+0
2.72020E+1	0.00000E+0
2.72326E+1	0.00000E+0
2.72631E+1	0.00000E+0
2.72937E+1	0.00000E+0
2.73243E+1	0.00000E+0
2.73548E+1	0.00000E+0
2.73854E+1	0.00000E+0
2.74159E+1	0.00000E+0
2.74465E+1	0.00000E+0
2.74771E+1	0.00000E+0
2.75076E+1	0.00000E+0
2.75382E+1	0.00000E+0
2.75688E+1	3.05178E-5
2.75993E+1	3.05178E-5
2.76299E+1	0.00000E+0
2.76605E+1	3.05178E-5
2.76910E+1	0.00000E+0
2.77216E+1	3.05178E-5
2.77522E+1	0.00000E+0
2.77827E+1	3.05178E-5
2.78133E+1	3.05178E-5
2.78438E+1	3.05178E-5
2.78744E+1	3.05178E-5
2.79050E+1	3.05178E-5
2.79355E+1	3.05178E-5
2.79661E+1	3.05178E-5
2.79967E+1	3.05178E-5
2.80272E+1	6.10356E-5
2.80578E+1	3.05178E-5
2.80884E+1	3.05178E-5
2.81189E+1	6.10356E-5
2.81495E+1	6.10356E-5
2.81801E+1	6.10356E-5
2.82106E+1	6.10356E-5
2.82412E+1	6.10356E-5
2.82717E+1	6.10356E-5
2.83023E+1	9.15532E-5
2.83329E+1	9.15532E-5
2.83634E+1	1.22071E-4
2.83940E+1	1.22071E-4
2.84246E+1	1.83106E-4
2.84551E+1	2.13624E-4
2.84857E+1	2.74660E-4
2.85163E+1	2.74660E-4
2.85468E+1	2.74660E-4
2.85774E+1	2.74660E-4
2.86079E+1	2.44142E-4
2.86385E+1	2.44142E-4
2.86691E+1	2.13624E-4
2.86996E+1	1.52589E-4
2.87302E+1	1.22071E-4
2.87608E+1	1.22071E-4
2.87913E+1	9.15532E-5
2.88219E+1	9.15532E-5
2.88525E+1	6.10356E-5
2.88830E+1	6.10356E-5
2.89136E+1	6.10356E-5
2.89442E+1	6.10356E-5
2.89747E+1	6.10356E-5
2.90053E+1	6.10356E-5
2.90358E+1	3.05178E-5
2.90664E+1	3.05178E-5
2.90970E+1	3.05178E-5
2.91275E+1	3.05178E-5
2.91581E+1	3.05178E-5
2.91887E+1	3.05178E-5
2.92192E+1	0.00000E+0
2.92498E+1	0.00000E+0
2.92804E+1	0.00000E+0
2.93109E+1	0.00000E+0
2.93415E+1	0.00000E+0
2.93720E+1	0.00000E+0
2.94026E+1	3.05178E-5
2.94332E+1	3.05178E-5
2.94637E+1	0.00000E+0
2.94943E+1	3.05178E-5
2.95249E+1	0.00000E+0
2.95554E+1	3.05178E-5
2.95860E+1	0.00000E+0
2.96166E+1	3.05178E-5
2.96471E+1	0.00000E+0
2.96777E+1	0.00000E+0
2.97083E+1	0.00000E+0
2.97388E+1	0.00000E+0
2.97694E+1	0.00000E+0
2.97999E+1	0.00000E+0
2.98305E+1	0.00000E+0
2.98611E+1	0.00000E+0
2.98916E+1	0.00000E+0
2.99222E+1	0.00000E+0
2.99528E+1	0.00000E+0
2.99833E+1	0.00000E+0
3.00139E+1	0.00000E+0
3.00445E+1	0.00000E+0
3.00750E+1	0.00000E+0
3.01056E+1	0.00000E+0
3.01361E+1	0.00000E+0
3.01667E+1	0.00000E+0
3.01973E+1	0.00000E+0
3.02278E+1	0.00000E+0
3.02584E+1	0.00000E+0
3.02890E+1	0.00000E+0
3.03195E+1	0.00000E+0
3.03501E+1	0.00000E+0
3.03807E+1	0.00000E+0
3.04112E+1	0.00000E+0
3.04418E+1	0.00000E+0
3.04724E+1	0.00000E+0
3.05029E+1	0.00000E+0
3.05335E+1	0.00000E+0
3.05640E+1	0.00000E+0
3.05946E+1	0.00000E+0
3.06252E+1	0.00000E+0
3.06557E+1	0.00000E+0
3.06863E+1	0.00000E+0
3.07169E+1	0.00000E+0
3.07474E+1	0.00000E+0
3.07780E+1	0.00000E+0
3.08086E+1	0.00000E+0
3.08391E+1	0.00000E+0
3.08697E+1	0.00000E+0
3.09003E+1	0.00000E+0
3.09308E+1	0.00000E+0
3.09614E+1	0.00000E+0
3.09919E+1	0.00000E+0
3.10225E+1	0.00000E+0
3.10531E+1	0.00000E+0
3.10836E+1	0.00000E+0
3.11142E+1	0.00000E+0
3.11448E+1	0.00000E+0
3.11753E+1	0.00000E+0
3.12059E+1	0.00000E+0
3.12365E+1	0.00000E+0
3.12670E+1	0.00000E+0
3.12976E+1	0.00000E+0
3.13281E+1	0.00000E+0
3.13587E+1	0.00000E+0
3.13893E+1	0.00000E+0
3.14198E+1	0.00000E+0
3.14504E+1	0.00000E+0
3.14810E+1	0.00000E+0
3.15115E+1	0.00000E+0
3.15421E+1	0.00000E+0
3.15727E+1	0.00000E+0
3.16032E+1	0.00000E+0
3.16338E+1	0.00000E+0
3.16644E+1	0.00000E+0
3.16949E+1	0.00000E+0
3.17255E+1	0.00000E+0
3.17560E+1	0.00000E+0
3.17866E+1	0.00000E+0
3.18172E+1	0.00000E+0
3.18477E+1	0.00000E+0
3.18783E+1	0.00000E+0
3.19089E+1	0.00000E+0
3.19394E+1	0.00000E+0
3.19700E+1	0.00000E+0
3.20006E+1	0.00000E+0
3.20311E+1	0.00000E+0
3.20617E+1	0.00000E+0
3.20922E+1	0.00000E+0
3.21228E+1	0.00000E+0
3.21534E+1	0.00000E+0
3.21839E+1	0.00000E+0
3.22145E+1	0.00000E+0
3.22451E+1	0.00000E+0
3.22756E+1	0.00000E+0
3.23062E+1	0.00000E+0
3.23368E+1	0.00000E+0
3.23673E+1	0.00000E+0
3.23979E+1	0.00000E+0
3.24285E+1	0.00000E+0
3.24590E+1	0.00000E+0
3.24896E+1	0.00000E+0
3.25201E+1	0.00000E+0
3.25507E+1	0.00000E+0
3.25813E+1	0.00000E+0
3.26118E+1	0.00000E+0
3.26424E+1	0.00000E+0
3.26730E+1	0.00000E+0
3.27035E+1	0.00000E+0
3.27341E+1	0.00000E+0
3.27647E+1	0.00000E+0
3.27952E+1	0.00000E+0
3.28258E+1	0.00000E+0
3.28563E+1	0.00000E+0
3.28869E+1	0.00000E+0
3.29175E+1	0.00000E+0
3.29480E+1	0.00000E+0
3.29786E+1	0.00000E+0
3.30092E+1	0.00000E+0
3.30397E+1	0.00000E+0
3.30703E+1	0.00000E+0
3.31009E+1	0.00000E+0
3.31314E+1	0.00000E+0
3.31620E+1	0.00000E+0
3.31926E+1	0.00000E+0
3.32231E+1	0.00000E+0
3.32537E+1	0.00000E+0
3.32842E+1	0.00000E+0
3.33148E+1	0.00000E+0
3.33454E+1	0.00000E+0
3.33759E+1	0.00000E+0
3.34065E+1	0.00000E+0
3.34371E+1	0.00000E+0
3.34676E+1	0.00000E+0
3.34982E+1	0.00000E+0
3.35288E+1	0.00000E+0
3.35593E+1	0.00000E+0
3.35899E+1	0.00000E+0
3.36205E+1	0.00000E+0
3.36510E+1	0.00000E+0
3.36816E+1	0.00000E+0
3.37121E+1	0.00000E+0
3.37427E+1	0.00000E+0
3.37733E+1	0.00000E+0
3.38038E+1	0.00000E+0
3.38344E+1	0.00000E+0
3.38650E+1	0.00000E+0
3.38955E+1	0.00000E+0
3.39261E+1	0.00000E+0
3.39567E+1	0.00000E+0
3.39872E+1	0.00000E+0
3.40178E+1	0.00000E+0
3.40483E+1	0.00000E+0
3.40789E+1	0.00000E+0
3.41095E+1	0.00000E+0
3.41400E+1	0.00000E+0
3.41706E+1	0.00000E+0
3.42012E+1	0.00000E+0
3.42317E+1	0.00000E+0
3.42623E+1	0.00000E+0
3.42929E+1	0.00000E+0
3.43234E+1	0.00000E+0
3.43540E+1	0.00000E+0
3.43846E+1	0.00000E+0
3.44151E+1	0.00000E+0
3.44457E+1	0.00000E+0
3.44762E+1	0.00000E+0
3.45068E+1	0.00000E+0
3.45374E+1	0.00000E+0
3.45679E+1	0.00000E+0
3.45985E+1	0.00000E+0
3.46291E+1	0.00000E+0
3.46596E+1	0.00000E+0
3.46902E+1	0.00000E+0
3.47208E+1	0.00000E+0
3.47513E+1	0.00000E+0
3.47819E+1	0.00000E+0
3.48124E+1	0.00000E+0
3.48430E+1	0.00000E+0
3.48736E+1	0.00000E+0
3.49041E+1	0.00000E+0
3.49347E+1	0.00000E+0
3.49653E+1	0.00000E+0
3.49958E+1	0.00000E+0
3.50264E+1	0.00000E+0
3.50570E+1	0.00000E+0
3.50875E+1	0.00000E+0
3.51181E+1	0.00000E+0
3.51487E+1	0.00000E+0
3.51792E+1	0.00000E+0
3.52098E+1	0.00000E+0
3.52403E+1	0.00000E+0
3.52709E+1	0.00000E+0
3.53015E+1	0.00000E+0
3.53320E+1	0.00000E+0
3.53626E+1	0.00000E+0
3.53932E+1	0.00000E+0
3.54237E+1	0.00000E+0
3.54543E+1	0.00000E+0
3.54849E+1	0.00000E+0
3.55154E+1	0.00000E+0
3.55460E+1	0.00000E+0
3.55765E+1	0.00000E+0
3.56071E+1	0.00000E+0
3.56377E+1	0.00000E+0
3.56682E+1	0.00000E+0
3.56988E+1	0.00000E+0
3.57294E+1	0.00000E+0
3.57599E+1	0.00000E+0
3.57905E+1	0.00000E+0
3.58211E+1	0.00000E+0
3.58516E+1	0.00000E+0
3.58822E+1	0.00000E+0
3.59128E+1	0.00000E+0
3.59433E+1	0.00000E+0
3.59739E+1	0.00000E+0
3.60044E+1	0.00000E+0
3.60350E+1	0.00000E+0
3.60656E+1	0.00000E+0
3.60961E+1	0.00000E+0
3.61267E+1	0.00000E+0
3.61573E+1	0.00000E+0
3.61878E+1	0.00000E+0
3.62184E+1	0.00000E+0
3.62490E+1	0.00000E+0
3.62795E+1	0.00000E+0
3.63101E+1	0.00000E+0
3.63407E+1	0.00000E+0
3.63712E+1	0.00000E+0
3.64018E+1	0.00000E+0
3.64323E+1	0.00000E+0
3.64629E+1	0.00000E+0
3.64935E+1	0.00000E+0
3.65240E+1	0.00000E+0
3.65546E+1	0.00000E+0
3.65852E+1	0.00000E+0
3.66157E+1	0.00000E+0
3.66463E+1	0.00000E+0
3.66769E+1	0.00000E+0
3.67074E+1	0.00000E+0
3.67380E+1	0.00000E+0
3.67685E+1	0.00000E+0
3.67991E+1	0.00000E+0
3.68297E+1	0.00000E+0
3.68602E+1	0.00000E+0
3.68908E+1	0.00000E+0
3.69214E+1	0.00000E+0
3.69519E+1	0.00000E+0
3.69825E+1	0.00000E+0
3.70131E+1	0.00000E+0
3.70436E+1	0.00000E+0
3.70742E+1	0.00000E+0
3.71048E+1	0.00000E+0
3.71353E+1	0.00000E+0
3.71659E+1	0.00000E+0
3.71964E+1	0.00000E+0
3.72270E+1	0.00000E+0
3.72576E+1	0.00000E+0
3.72881E+1	0.00000E+0
3.73187E+1	0.00000E+0
3.73493E+1	0.00000E+0
3.73798E+1	0.00000E+0
3.74104E+1	0.00000E+0
3.74410E+1	0.00000E+0
3.74715E+1	0.00000E+0
3.75021E+1	0.00000E+0
3.75326E+1	0.00000E+0
3.75632E+1	0.00000E+0
3.75938E+1	0.00000E+0
3.76243E+1	0.00000E+0
3.76549E+1	0.00000E+0
3.76855E+1	0.00000E+0
3.77160E+1	0.00000E+0
3.77466E+1	0.00000E+0
3.77772E+1	0.00000E+0
3.78077E+1	0.00000E+0
3.78383E+1	0.00000E+0
3.78689E+1	0.00000E+0
3.78994E+1	0.00000E+0
3.79300E+1	0.00000E+0
3.79605E+1	0.00000E+0
3.79911E+1	0.00000E+0
3.80217E+1	0.00000E+0
3.80522E+1	0.00000E+0
3.80828E+1	0.00000E+0
3.81134E+1	0.00000E+0
3.81439E+1	0.00000E+0
3.81745E+1	0.00000E+0
3.82051E+1	0.00000E+0
3.82356E+1	0.00000E+0
3.82662E+1	0.00000E+0
3.82967E+1	0.00000E+0
3.83273E+1	0.00000E+0
3.83579E+1	0.00000E+0
3.83884E+1	0.00000E+0
3.84190E+1	0.00000E+0
3.84496E+1	0.00000E+0
3.84801E+1	0.00000E+0
3.85107E+1	0.00000E+0
3.85413E+1	0.00000E+0
3.85718E+1	0.00000E+0
3.86024E+1	0.00000E+0
3.86330E+1	0.00000E+0
3.86635E+1	0.00000E+0
3.86941E+1	0.00000E+0
3.87246E+1	0.00000E+0
3.87552E+1	0.00000E+0
3.87858E+1	0.00000E+0
3.88163E+1	0.00000E+0
3.88469E+1	0.00000E+0
3.88775E+1	3.05178E-5
3.89080E+1	0.00000E+0
3.89386E+1	3.05178E-5
3.89692E+1	3.05178E-5
3.89997E+1	3.05178E-5
3.90303E+1	0.00000E+0
3.90609E+1	0.00000E+0
3.90914E+1	0.00000E+0
3.91220E+1	3.05178E-5
3.91525E+1	3.05178E-5
3.91831E+1	3.05178E-5
3.92137E+1	3.05178E-5
3.92442E+1	3.05178E-5
3.92748E+1	3.05178E-5
3.93054E+1	3.05178E-5
3.93359E+1	3.05178E-5
3.93665E+1	3.05178E-5
3.93971E+1	3.05178E-5
3.94276E+1	3.05178E-5
3.94582E+1	3.05178E-5
3.94887E+1	3.05178E-5
3.95193E+1	3.05178E-5
3.95499E+1	3.05178E-5
3.95804E+1	3.05178E-5
3.96110E+1	3.05178E-5
3.96416E+1	3.05178E-5
3.96721E+1	3.05178E-5
3.97027E+1	3.05178E-5
3.97333E+1	3.05178E-5
3.97638E+1	3.05178E-5
3.97944E+1	3.05178E-5
3.98250E+1	3.05178E-5
3.98555E+1	3.05178E-5
3.98861E+1	3.05178E-5
3.99166E+1	3.05178E-5
3.99472E+1	3.05178E-5
3.99778E+1	3.05178E-5
4.00083E+1	3.05178E-5
4.00389E+1	6.10356E-5
4.00695E+1	6.10356E-5
4.01000E+1	6.10356E-5
4.01306E+1	6.10356E-5
4.01612E+1	6.10356E-5
4.01917E+1	6.10356E-5
4.02223E+1	6.10356E-5
4.02528E+1	6.10356E-5
4.02834E+1	6.10356E-5
4.03140E+1	6.10356E-5
4.03445E+1	6.10356E-5
4.03751E+1	6.10356E-5
4.04057E+1	6.10356E-5
4.04362E+1	6.10356E-5
4.04668E+1	6.10356E-5
4.04974E+1	6.10356E-5
4.05279E+1	6.10356E-5
4.05585E+1	6.10356E-5
4.05891E+1	6.10356E-5
4.06196E+1	6.10356E-5
4.06502E+1	6.10356E-5
4.06807E+1	9.15532E-5
4.07113E+1	9.15532E-5
4.07419E+1	9.15532E-5
4.07724E+1	9.15532E-5
4.08030E+1	9.15532E-5
4.08336E+1	9.15532E-5
4.08641E+1	9.15532E-5
4.08947E+1	6.10356E-5
4.09253E+1	6.10356E-5
4.09558E+1	6.10356E-5
4.09864E+1	6.10356E-5
4.10169E+1	6.10356E-5
4.10475E+1	6.10356E-5
4.10781E+1	6.10356E-5
4.11086E+1	6.10356E-5
4.11392E+1	6.10356E-5
4.11698E+1	6.10356E-5
4.12003E+1	6.10356E-5
4.12309E+1	6.10356E-5
4.12615E+1	6.10356E-5
4.12920E+1	6.10356E-5
4.13226E+1	6.10356E-5
4.13532E+1	6.10356E-5
4.13837E+1	9.15532E-5
4.14143E+1	9.15532E-5
4.14448E+1	1.22071E-4
4.14754E+1	1.22071E-4
4.15060E+1	1.52589E-4
4.15365E+1	1.83106E-4
4.15671E+1	2.13624E-4
4.15977E+1	2.44142E-4
4.16282E+1	2.13624E-4
4.16588E+1	2.13624E-4
4.16894E+1	1.83106E-4
4.17199E+1	1.83106E-4
4.17505E+1	1.22071E-4
4.17811E+1	1.22071E-4
4.18116E+1	1.22071E-4
4.18422E+1	9.15532E-5
4.18727E+1	9.15532E-5
4.19033E+1	9.15532E-5
4.19339E+1	9.15532E-5
4.19644E+1	9.15532E-5
4.19950E+1	9.15532E-5
4.20256E+1	6.10356E-5
4.20561E+1	6.10356E-5
4.20867E+1	6.10356E-5
4.21173E+1	6.10356E-5
4.21478E+1	6.10356E-5
4.21784E+1	6.10356E-5
4.22089E+1	6.10356E-5
4.22395E+1	6.10356E-5
4.22701E+1	3.05178E-5
4.23006E+1	3.05178E-5
4.23312E+1	3.05178E-5
4.23618E+1	3.05178E-5
4.23923E+1	3.05178E-5
4.24229E+1	3.05178E-5
4.24535E+1	3.05178E-5
4.24840E+1	3.05178E-5
4.25146E+1	3.05178E-5
4.25452E+1	3.05178E-5
4.25757E+1	3.05178E-5
4.26063E+1	3.05178E-5
4.26368E+1	3.05178E-5
4.26674E+1	3.05178E-5
4.26980E+1	3.05178E-5
4.27285E+1	3.05178E-5
4.27591E+1	3.05178E-5
4.27897E+1	3.05178E-5
4.28202E+1	3.05178E-5
4.28508E+1	3.05178E-5
4.28814E+1	3.05178E-5
4.29119E+1	3.05178E-5
4.29425E+1	3.05178E-5
4.29730E+1	3.05178E-5
4.30036E+1	3.05178E-5
4.30342E+1	3.05178E-5
4.30647E+1	3.05178E-5
4.30953E+1	3.05178E-5
4.31259E+1	3.05178E-5
4.31564E+1	3.05178E-5
4.31870E+1	3.05178E-5
4.32176E+1	3.05178E-5
4.32481E+1	3.05178E-5
4.32787E+1	3.05178E-5
4.33093E+1	3.05178E-5
4.33398E+1	3.05178E-5
4.33704E+1	3.05178E-5
4.34009E+1	3.05178E-5
4.34315E+1	3.05178E-5
4.34621E+1	3.05178E-5
4.34926E+1	3.05178E-5
4.35232E+1	3.05178E-5
4.35538E+1	3.05178E-5
4.35843E+1	3.05178E-5
4.36149E+1	3.05178E-5
4.36455E+1	3.05178E-5
4.36760E+1	3.05178E-5
4.37066E+1	3.05178E-5
4.37371E+1	3.05178E-5
4.37677E+1	3.05178E-5
4.37983E+1	3.05178E-5
4.38288E+1	3.05178E-5
4.38594E+1	3.05178E-5
4.38900E+1	3.05178E-5
4.39205E+1	3.05178E-5
4.39511E+1	3.05178E-5
4.39817E+1	3.05178E-5
4.40122E+1	3.05178E-5
4.40428E+1	0.00000E+0
4.40734E+1	3.05178E-5
4.41039E+1	3.05178E-5
4.41345E+1	3.05178E-5
4.41650E+1	0.00000E+0
4.41956E+1	3.05178E-5
4.42262E+1	3.05178E-5
4.42567E+1	3.05178E-5
4.42873E+1	3.05178E-5
4.43179E+1	3.05178E-5
4.43484E+1	3.05178E-5
4.43790E+1	0.00000E+0
4.44096E+1	3.05178E-5
4.44401E+1	3.05178E-5
4.44707E+1	0.00000E+0
4.45013E+1	3.05178E-5
4.45318E+1	3.05178E-5
4.45624E+1	3.05178E-5
4.45929E+1	0.00000E+0
4.46235E+1	0.00000E+0
4.46541E+1	0.00000E+0
4.46846E+1	0.00000E+0
4.47152E+1	0.00000E+0
4.47458E+1	0.00000E+0
4.47763E+1	0.00000E+0
4.48069E+1	0.00000E+0
4.48375E+1	0.00000E+0
4.48680E+1	0.00000E+0
4.48986E+1	0.00000E+0
4.49291E+1	0.00000E+0
4.49597E+1	0.00000E+0
4.49903E+1	0.00000E+0
4.50208E+1	0.00000E+0
4.50514E+1	0.00000E+0
4.50820E+1	0.00000E+0
4.51125E+1	0.00000E+0
4.51431E+1	0.00000E+0
4.51737E+1	0.00000E+0
4.52042E+1	0.00000E+0
4.52348E+1	0.00000E+0
4.52654E+1	0.00000E+0
4.52959E+1	0.00000E+0
4.53265E+1	0.00000E+0
4.53570E+1	0.00000E+0
4.53876E+1	0.00000E+0
4.54182E+1	0.00000E+0
4.54487E+1	0.00000E+0
4.54793E+1	0.00000E+0
4.55099E+1	0.00000E+0
4.55404E+1	0.00000E+0
4.55710E+1	0.00000E+0
4.56016E+1	0.00000E+0
4.56321E+1	0.00000E+0
4.56627E+1	0.00000E+0
4.56932E+1	0.00000E+0
4.57238E+1	0.00000E+0
4.57544E+1	0.00000E+0
4.57849E+1	0.00000E+0
4.58155E+1	0.00000E+0
4.58461E+1	0.00000E+0
4.58766E+1	0.00000E+0
4.59072E+1	0.00000E+0
4.59378E+1	0.00000E+0
4.59683E+1	0.00000E+0
4.59989E+1	0.00000E+0
4.60295E+1	0.00000E+0
4.60600E+1	0.00000E+0
4.60906E+1	0.00000E+0
4.61211E+1	0.00000E+0
4.61517E+1	0.00000E+0
4.61823E+1	0.00000E+0
4.62128E+1	0.00000E+0
4.62434E+1	0.00000E+0
4.62740E+1	0.00000E+0
4.63045E+1	0.00000E+0
4.63351E+1	0.00000E+0
4.63657E+1	0.00000E+0
4.63962E+1	0.00000E+0
4.64268E+1	0.00000E+0
4.64573E+1	0.00000E+0
4.64879E+1	0.00000E+0
4.65185E+1	0.00000E+0
4.65490E+1	0.00000E+0
4.65796E+1	0.00000E+0
4.66102E+1	0.00000E+0
4.66407E+1	0.00000E+0
4.66713E+1	0.00000E+0
4.67019E+1	0.00000E+0
4.67324E+1	0.00000E+0
4.67630E+1	0.00000E+0
4.67936E+1	0.00000E+0
4.68241E+1	0.00000E+0
4.68547E+1	0.00000E+0
4.68852E+1	0.00000E+0
4.69158E+1	0.00000E+0
4.69464E+1	0.00000E+0
4.69769E+1	0.00000E+0
4.70075E+1	0.00000E+0
4.70381E+1	0.00000E+0
4.70686E+1	0.00000E+0
4.70992E+1	0.00000E+0
4.71298E+1	0.00000E+0
4.71603E+1	0.00000E+0
4.71909E+1	0.00000E+0
4.72215E+1	0.00000E+0
4.72520E+1	0.00000E+0
4.72826E+1	0.00000E+0
4.73131E+1	0.00000E+0
4.73437E+1	0.00000E+0
4.73743E+1	0.00000E+0
4.74048E+1	0.00000E+0
4.74354E+1	0.00000E+0
4.74660E+1	0.00000E+0
4.74965E+1	0.00000E+0
4.75271E+1	0.00000E+0
4.75577E+1	0.00000E+0
4.75882E+1	0.00000E+0
4.76188E+1	0.00000E+0
4.76493E+1	0.00000E+0
4.76799E+1	0.00000E+0
4.77105E+1	0.00000E+0
4.77410E+1	0.00000E+0
4.77716E+1	0.00000E+0
4.78022E+1	0.00000E+0
4.78327E+1	0.00000E+0
4.78633E+1	0.00000E+0
4.78939E+1	0.00000E+0
4.79244E+1	0.00000E+0
4.79550E+1	0.00000E+0
4.79856E+1	0.00000E+0
4.80161E+1	0.00000E+0
4.80467E+1	0.00000E+0
4.80772E+1	0.00000E+0
4.81078E+1	0.00000E+0
4.81384E+1	0.00000E+0
4.81689E+1	0.00000E+0
4.81995E+1	0.00000E+0
4.82301E+1	0.00000E+0
4.82606E+1	0.00000E+0
4.82912E+1	0.00000E+0
4.83218E+1	0.00000E+0
4.83523E+1	0.00000E+0
4.83829E+1	0.00000E+0
4.84134E+1	0.00000E+0
4.84440E+1	0.00000E+0
4.84746E+1	0.00000E+0
4.85051E+1	0.00000E+0
4.85357E+1	0.00000E+0
4.85663E+1	0.00000E+0
4.85968E+1	0.00000E+0
4.86274E+1	0.00000E+0
4.86580E+1	0.00000E+0
4.86885E+1	0.00000E+0
4.87191E+1	0.00000E+0
4.87497E+1	0.00000E+0
4.87802E+1	0.00000E+0
4.88108E+1	0.00000E+0
4.88413E+1	0.00000E+0
4.88719E+1	0.00000E+0
4.89025E+1	0.00000E+0
4.89330E+1	0.00000E+0
4.89636E+1	0.00000E+0
4.89942E+1	0.00000E+0
4.90247E+1	0.00000E+0
4.90553E+1	0.00000E+0
4.90859E+1	0.00000E+0
4.91164E+1	0.00000E+0
4.91470E+1	0.00000E+0
4.91775E+1	0.00000E+0
4.92081E+1	0.00000E+0
4.92387E+1	0.00000E+0
4.92692E+1	0.00000E+0
4.92998E+1	0.00000E+0
4.93304E+1	0.00000E+0
4.93609E+1	0.00000E+0
4.93915E+1	0.00000E+0
4.94221E+1	0.00000E+0
4.94526E+1	0.00000E+0
4.94832E+1	0.00000E+0
4.95138E+1	0.00000E+0
4.95443E+1	0.00000E+0
4.95749E+1	0.00000E+0
4.96054E+1	0.00000E+0
4.96360E+1	0.00000E+0
4.96666E+1	0.00000E+0
4.96971E+1	0.00000E+0
4.97277E+1	0.00000E+0
4.97583E+1	0.00000E+0
4.97888E+1	0.00000E+0
4.98194E+1	0.00000E+0
4.98500E+1	0.00000E+0
4.98805E+1	0.00000E+0
4.99111E+1	0.00000E+0
4.99417E+1	0.00000E+0
4.99722E+1	0.00000E+0
5.00028E+1	0.00000E+0
5.00333E+1	0.00000E+0
5.00639E+1	0.00000E+0
5.00945E+1	0.00000E+0
5.01250E+1	0.00000E+0
5.01556E+1	0.00000E+0
5.01862E+1	0.00000E+0
5.02167E+1	0.00000E+0
5.02473E+1	0.00000E+0
5.02779E+1	0.00000E+0
5.03084E+1	0.00000E+0
5.03390E+1	0.00000E+0
5.03695E+1	0.00000E+0
5.04001E+1	0.00000E+0
5.04307E+1	0.00000E+0
5.04612E+1	0.00000E+0
5.04918E+1	0.00000E+0
5.05224E+1	0.00000E+0
5.05529E+1	0.00000E+0
5.05835E+1	0.00000E+0
5.06141E+1	0.00000E+0
5.06446E+1	0.00000E+0
5.06752E+1	0.00000E+0
5.07058E+1	0.00000E+0
5.07363E+1	0.00000E+0
5.07669E+1	0.00000E+0
5.07974E+1	0.00000E+0
5.08280E+1	0.00000E+0
5.08586E+1	0.00000E+0
5.08891E+1	0.00000E+0
5.09197E+1	0.00000E+0
5.09503E+1	0.00000E+0
5.09808E+1	0.00000E+0
5.10114E+1	0.00000E+0
5.10420E+1	0.00000E+0
5.10725E+1	0.00000E+0
5.11031E+1	0.00000E+0
5.11336E+1	0.00000E+0
5.11642E+1	0.00000E+0
5.11948E+1	0.00000E+0
5.12253E+1	0.00000E+0
5.12559E+1	0.00000E+0
5.12865E+1	0.00000E+0
5.13170E+1	0.00000E+0
5.13476E+1	0.00000E+0
5.13782E+1	0.00000E+0
5.14087E+1	0.00000E+0
5.14393E+1	0.00000E+0
5.14699E+1	0.00000E+0
5.15004E+1	0.00000E+0
5.15310E+1	0.00000E+0
5.15615E+1	0.00000E+0
5.15921E+1	0.00000E+0
5.16227E+1	0.00000E+0
5.16532E+1	0.00000E+0
5.16838E+1	0.00000E+0
5.17144E+1	0.00000E+0
5.17449E+1	0.00000E+0
5.17755E+1	0.00000E+0
5.18061E+1	0.00000E+0
5.18366E+1	0.00000E+0
5.18672E+1	0.00000E+0
5.18977E+1	0.00000E+0
5.19283E+1	0.00000E+0
5.19589E+1	0.00000E+0
5.19894E+1	0.00000E+0
5.20200E+1	0.00000E+0
5.20506E+1	0.00000E+0
5.20811E+1	0.00000E+0
5.21117E+1	0.00000E+0
5.21423E+1	0.00000E+0
5.21728E+1	0.00000E+0
5.22034E+1	0.00000E+0
5.22340E+1	0.00000E+0
5.22645E+1	0.00000E+0
5.22951E+1	0.00000E+0
5.23256E+1	0.00000E+0
5.23562E+1	0.00000E+0
5.23868E+1	0.00000E+0
5.24173E+1	3.05178E-5
5.24479E+1	0.00000E+0
5.24785E+1	3.05178E-5
5.25090E+1	3.05178E-5
5.25396E+1	3.05178E-5
5.25702E+1	3.05178E-5
5.26007E+1	3.05178E-5
5.26313E+1	3.05178E-5
5.26619E+1	3.05178E-5
5.26924E+1	3.05178E-5
5.27230E+1	3.05178E-5
5.27535E+1	3.05178E-5
5.27841E+1	3.05178E-5
5.28147E+1	3.05178E-5
5.28452E+1	3.05178E-5
5.28758E+1	3.05178E-5
5.29064E+1	3.05178E-5
5.29369E+1	3.05178E-5
5.29675E+1	3.05178E-5
5.29981E+1	3.05178E-5
5.30286E+1	3.05178E-5
5.30592E+1	3.05178E-5
5.30897E+1	3.05178E-5
5.31203E+1	3.05178E-5
5.31509E+1	3.05178E-5
5.31814E+1	3.05178E-5
5.32120E+1	3.05178E-5
5.32426E+1	3.05178E-5
5.32731E+1	3.05178E-5
5.33037E+1	3.05178E-5
5.33343E+1	3.05178E-5
5.33648E+1	3.05178E-5
5.33954E+1	3.05178E-5
5.34260E+1	3.05178E-5
5.34565E+1	3.05178E-5
5.34871E+1	3.05178E-5
5.35176E+1	3.05178E-5
5.35482E+1	3.05178E-5
5.35788E+1	3.05178E-5
5.36093E+1	3.05178E-5
5.36399E+1	3.05178E-5
5.36705E+1	3.05178E-5
5.37010E+1	3.05178E-5
5.37316E+1	3.05178E-5
5.37622E+1	3.05178E-5
5.37927E+1	3.05178E-5
5.38233E+1	3.05178E-5
5.38538E+1	3.05178E-5
5.38844E+1	6.10356E-5
5.39150E+1	6.10356E-5
5.39455E+1	6.10356E-5
5.39761E+1	6.10356E-5
5.40067E+1	6.10356E-5
5.40372E+1	6.10356E-5
5.40678E+1	6.10356E-5
5.40984E+1	6.10356E-5
5.41289E+1	6.10356E-5
5.41595E+1	6.10356E-5
5.41901E+1	6.10356E-5
5.42206E+1	6.10356E-5
5.42512E+1	6.10356E-5
5.42817E+1	6.10356E-5
5.43123E+1	6.10356E-5
5.43429E+1	6.10356E-5
5.43734E+1	6.10356E-5
5.44040E+1	6.10356E-5
5.44346E+1	6.10356E-5
5.44651E+1	6.10356E-5
5.44957E+1	9.15532E-5
5.45263E+1	9.15532E-5
5.45568E+1	9.15532E-5
5.45874E+1	9.15532E-5
5.46179E+1	9.15532E-5
5.46485E+1	9.15532E-5
5.46791E+1	9.15532E-5
5.47096E+1	9.15532E-5
5.47402E+1	9.15532E-5
5.47708E+1	1.22071E-4
5.48013E+1	1.22071E-4
5.48319E+1	1.22071E-4
5.48625E+1	1.22071E-4
5.48930E+1	1.52589E-4
5.49236E+1	1.83106E-4
5.49542E+1	1.83106E-4
5.49847E+1	2.13624E-4
5.50153E+1	3.05178E-4
5.50458E+1	3.35695E-4
5.50764E+1	3.66213E-4
5.51070E+1	3.66213E-4
5.51375E+1	3.66213E-4
5.51681E+1	2.74660E-4
5.51987E+1	2.13624E-4
5.52292E+1	2.13624E-4
5.52598E+1	2.13624E-4
5.52904E+1	2.13624E-4
5.53209E+1	2.13624E-4
5.53515E+1	2.13624E-4
5.53821E+1	1.83106E-4
5.54126E+1	1.83106E-4
5.54432E+1	1.83106E-4
5.54737E+1	1.52589E-4
5.55043E+1	1.52589E-4
5.55349E+1	1.83106E-4
5.55654E+1	1.83106E-4
5.55960E+1	1.52589E-4
5.56266E+1	1.52589E-4
5.56571E+1	1.52589E-4
5.56877E+1	1.83106E-4
5.57183E+1	1.52589E-4
5.57488E+1	1.83106E-4
5.57794E+1	1.83106E-4
5.58099E+1	1.83106E-4
5.58405E+1	1.52589E-4
5.58711E+1	1.83106E-4
5.59016E+1	1.52589E-4
5.59322E+1	1.52589E-4
5.59628E+1	1.52589E-4
5.59933E+1	1.52589E-4
5.60239E+1	1.22071E-4
5.60545E+1	1.22071E-4
5.60850E+1	1.22071E-4
5.61156E+1	1.22071E-4
5.61462E+1	1.22071E-4
5.61767E+1	1.22071E-4
5.62073E+1	1.22071E-4
5.62378E+1	1.22071E-4
5.62684E+1	1.22071E-4
5.62990E+1	1.22071E-4
5.63295E+1	1.22071E-4
5.63601E+1	1.22071E-4
5.63907E+1	1.22071E-4
5.64212E+1	9.15532E-5
5.64518E+1	9.15532E-5
5.64824E+1	9.15532E-5
5.65129E+1	9.15532E-5
5.65435E+1	9.15532E-5
5.65740E+1	6.10356E-5
5.66046E+1	9.15532E-5
5.66352E+1	9.15532E-5
5.66657E+1	9.15532E-5
5.66963E+1	9.15532E-5
5.67269E+1	9.15532E-5
5.67574E+1	9.15532E-5
5.67880E+1	9.15532E-5
5.68186E+1	6.10356E-5
5.68491E+1	6.10356E-5
5.68797E+1	6.10356E-5
5.69103E+1	6.10356E-5
5.69408E+1	6.10356E-5
5.69714E+1	6.10356E-5
5.70019E+1	6.10356E-5
5.70325E+1	6.10356E-5
5.70631E+1	6.10356E-5
5.70936E+1	6.10356E-5
5.71242E+1	6.10356E-5
5.71548E+1	6.10356E-5
5.71853E+1	6.10356E-5
5.72159E+1	6.10356E-5
5.72465E+1	6.10356E-5
5.72770E+1	6.10356E-5
5.73076E+1	6.10356E-5
5.73381E+1	6.10356E-5
5.73687E+1	6.10356E-5
5.73993E+1	6.10356E-5
5.74298E+1	6.10356E-5
5.74604E+1	6.10356E-5
5.74910E+1	6.10356E-5
5.75215E+1	6.10356E-5
5.75521E+1	6.10356E-5
5.75827E+1	6.10356E-5
5.76132E+1	6.10356E-5
5.76438E+1	6.10356E-5
5.76744E+1	6.10356E-5
5.77049E+1	6.10356E-5
5.77355E+1	6.10356E-5
5.77660E+1	6.10356E-5
5.77966E+1	3.05178E-5
5.78272E+1	3.05178E-5
5.78577E+1	3.05178E-5
5.78883E+1	3.05178E-5
5.79189E+1	3.05178E-5
5.79494E+1	3.05178E-5
5.79800E+1	3.05178E-5
5.80106E+1	3.05178E-5
5.80411E+1	3.05178E-5
5.80717E+1	3.05178E-5
5.81023E+1	3.05178E-5
5.81328E+1	3.05178E-5
5.81634E+1	3.05178E-5
5.81939E+1	3.05178E-5
5.82245E+1	3.05178E-5
5.82551E+1	3.05178E-5
5.82856E+1	3.05178E-5
5.83162E+1	3.05178E-5
5.83468E+1	3.05178E-5
5.83773E+1	3.05178E-5
5.84079E+1	3.05178E-5
5.84385E+1	3.05178E-5
5.84690E+1	3.05178E-5
5.84996E+1	3.05178E-5
5.85301E+1	3.05178E-5
5.85607E+1	3.05178E-5
5.85913E+1	3.05178E-5
5.86218E+1	3.05178E-5
5.86524E+1	3.05178E-5
5.86830E+1	3.05178E-5
5.87135E+1	3.05178E-5
5.87441E+1	3.05178E-5
5.87747E+1	3.05178E-5
5.88052E+1	3.05178E-5
5.88358E+1	3.05178E-5
5.88664E+1	3.05178E-5
5.88969E+1	3.05178E-5
5.89275E+1	3.05178E-5
5.89580E+1	3.05178E-5
5.89886E+1	3.05178E-5
5.90192E+1	3.05178E-5
5.90497E+1	3.05178E-5
5.90803E+1	3.05178E-5
5.91109E+1	3.05178E-5
5.91414E+1	3.05178E-5
5.91720E+1	3.05178E-5
5.92026E+1	3.05178E-5
5.92331E+1	3.05178E-5
5.92637E+1	3.05178E-5
5.92942E+1	3.05178E-5
5.93248E+1	3.05178E-5
5.93554E+1	3.05178E-5
5.93859E+1	3.05178E-5
5.94165E+1	3.05178E-5
5.94471E+1	3.05178E-5
5.94776E+1	3.05178E-5
5.95082E+1	3.05178E-5
5.95388E+1	0.00000E+0
5.95693E+1	3.05178E-5
5.95999E+1	3.05178E-5
5.96305E+1	3.05178E-5
5.96610E+1	3.05178E-5
5.96916E+1	3.05178E-5
5.97221E+1	0.00000E+0
5.97527E+1	3.05178E-5
5.97833E+1	3.05178E-5
5.98138E+1	0.00000E+0
5.98444E+1	3.05178E-5
5.98750E+1	3.05178E-5
5.99055E+1	3.05178E-5
5.99361E+1	0.00000E+0
5.99667E+1	0.00000E+0
5.99972E+1	0.00000E+0
6.00278E+1	0.00000E+0
6.00583E+1	0.00000E+0
6.00889E+1	0.00000E+0
6.01195E+1	3.05178E-5
6.01500E+1	3.05178E-5
6.01806E+1	3.05178E-5
6.02112E+1	0.00000E+0
6.02417E+1	3.05178E-5
6.02723E+1	3.05178E-5
6.03029E+1	3.05178E-5
6.03334E+1	0.00000E+0
6.03640E+1	3.05178E-5
6.03946E+1	0.00000E+0
6.04251E+1	3.05178E-5
6.04557E+1	3.05178E-5
6.04862E+1	3.05178E-5
6.05168E+1	0.00000E+0
6.05474E+1	0.00000E+0
6.05779E+1	0.00000E+0
6.06085E+1	0.00000E+0
6.06391E+1	0.00000E+0
6.06696E+1	0.00000E+0
6.07002E+1	3.05178E-5
6.07308E+1	3.05178E-5
6.07613E+1	3.05178E-5
6.07919E+1	3.05178E-5
6.08225E+1	3.05178E-5
6.08530E+1	3.05178E-5
6.08836E+1	0.00000E+0
6.09141E+1	3.05178E-5
6.09447E+1	0.00000E+0
6.09753E+1	3.05178E-5
6.10058E+1	3.05178E-5
6.10364E+1	3.05178E-5
6.10670E+1	3.05178E-5
6.10975E+1	0.00000E+0
6.11281E+1	0.00000E+0
6.11587E+1	3.05178E-5
6.11892E+1	3.05178E-5
6.12198E+1	3.05178E-5
6.12503E+1	3.05178E-5
6.12809E+1	3.05178E-5
6.13115E+1	3.05178E-5
6.13420E+1	3.05178E-5
6.13726E+1	3.05178E-5
6.14032E+1	3.05178E-5
6.14337E+1	3.05178E-5
6.14643E+1	3.05178E-5
6.14949E+1	3.05178E-5
6.15254E+1	3.05178E-5
6.15560E+1	3.05178E-5
6.15866E+1	3.05178E-5
6.16171E+1	3.05178E-5
6.16477E+1	3.05178E-5
6.16782E+1	3.05178E-5
6.17088E+1	3.05178E-5
6.17394E+1	3.05178E-5
6.17699E+1	3.05178E-5
6.18005E+1	3.05178E-5
6.18311E+1	3.05178E-5
6.18616E+1	3.05178E-5
6.18922E+1	3.05178E-5
6.19228E+1	3.05178E-5
6.19533E+1	3.05178E-5
6.19839E+1	3.05178E-5
6.20144E+1	3.05178E-5
6.20450E+1	3.05178E-5
6.20756E+1	3.05178E-5
6.21061E+1	3.05178E-5
6.21367E+1	3.05178E-5
6.21673E+1	3.05178E-5
6.21978E+1	3.05178E-5
6.22284E+1	3.05178E-5
6.22590E+1	3.05178E-5
6.22895E+1	3.05178E-5
6.23201E+1	3.05178E-5
6.23507E+1	3.05178E-5
6.23812E+1	3.05178E-5
6.24118E+1	3.05178E-5
6.24423E+1	3.05178E-5
6.24729E+1	3.05178E-5
6.25035E+1	3.05178E-5
6.25340E+1	3.05178E-5
6.25646E+1	3.05178E-5
6.25952E+1	3.05178E-5
6.26257E+1	3.05178E-5
6.26563E+1	3.05178E-5
6.26869E+1	3.05178E-5
6.27174E+1	3.05178E-5
6.27480E+1	3.05178E-5
6.27785E+1	3.05178E-5
6.28091E+1	3.05178E-5
6.28397E+1	3.05178E-5
6.28702E+1	3.05178E-5
6.29008E+1	3.05178E-5
6.29314E+1	3.05178E-5
6.29619E+1	3.05178E-5
6.29925E+1	3.05178E-5
6.30231E+1	3.05178E-5
6.30536E+1	3.05178E-5
6.30842E+1	3.05178E-5
6.31148E+1	3.05178E-5
6.31453E+1	3.05178E-5
6.31759E+1	3.05178E-5
6.32064E+1	3.05178E-5
6.32370E+1	3.05178E-5
6.32676E+1	3.05178E-5
6.32981E+1	3.05178E-5
6.33287E+1	3.05178E-5
6.33593E+1	3.05178E-5
6.33898E+1	3.05178E-5
6.34204E+1	6.10356E-5
6.34510E+1	6.10356E-5
6.34815E+1	6.10356E-5
6.35121E+1	6.10356E-5
6.35427E+1	6.10356E-5
6.35732E+1	6.10356E-5
6.36038E+1	6.10356E-5
6.36343E+1	6.10356E-5
6.36649E+1	6.10356E-5
6.36955E+1	6.10356E-5
6.37260E+1	6.10356E-5
6.37566E+1	6.10356E-5
6.37872E+1	6.10356E-5
6.38177E+1	6.10356E-5
6.38483E+1	6.10356E-5
6.38789E+1	6.10356E-5
6.39094E+1	6.10356E-5
6.39400E+1	6.10356E-5
6.39705E+1	6.10356E-5
6.40011E+1	6.10356E-5
6.40317E+1	6.10356E-5
6.40622E+1	6.10356E-5
6.40928E+1	6.10356E-5
6.41234E+1	6.10356E-5
6.41539E+1	6.10356E-5
6.41845E+1	6.10356E-5
6.42151E+1	6.10356E-5
6.42456E+1	6.10356E-5
6.42762E+1	6.10356E-5
6.43068E+1	6.10356E-5
6.43373E+1	6.10356E-5
6.43679E+1	6.10356E-5
6.43984E+1	6.10356E-5
6.44290E+1	6.10356E-5
6.44596E+1	6.10356E-5
6.44901E+1	6.10356E-5
6.45207E+1	6.10356E-5
6.45513E+1	6.10356E-5
6.45818E+1	6.10356E-5
6.46124E+1	9.15532E-5
6.46430E+1	9.15532E-5
6.46735E+1	9.15532E-5
6.47041E+1	9.15532E-5
6.47346E+1	9.15532E-5
6.47652E+1	9.15532E-5
6.47958E+1	9.15532E-5
6.48263E+1	9.15532E-5
6.48569E+1	9.15532E-5
6.48875E+1	9.15532E-5
6.49180E+1	9.15532E-5
6.49486E+1	9.15532E-5
6.49792E+1	9.15532E-5
6.50097E+1	1.22071E-4
6.50403E+1	1.22071E-4
6.50709E+1	1.22071E-4
6.51014E+1	1.22071E-4
6.51320E+1	1.22071E-4
6.51625E+1	1.52589E-4
6.51931E+1	1.52589E-4
6.52237E+1	1.52589E-4
6.52542E+1	1.52589E-4
6.52848E+1	1.83106E-4
6.53154E+1	1.83106E-4
6.53459E+1	1.83106E-4
6.53765E+1	1.83106E-4
6.54071E+1	2.13624E-4
6.54376E+1	2.13624E-4
6.54682E+1	2.44142E-4
6.54987E+1	2.74660E-4
6.55293E+1	3.66213E-4
6.55599E+1	3.66213E-4
6.55904E+1	3.66213E-4
6.56210E+1	3.66213E-4
6.56516E+1	3.66213E-4
6.56821E+1	3.66213E-4
6.57127E+1	3.35695E-4
6.57433E+1	3.66213E-4
6.57738E+1	3.66213E-4
6.58044E+1	3.05178E-4
6.58350E+1	3.66213E-4
6.58655E+1	3.35695E-4
6.58961E+1	3.05178E-4
6.59266E+1	3.35695E-4
6.59572E+1	3.05178E-4
6.59878E+1	3.35695E-4
6.60183E+1	3.35695E-4
6.60489E+1	3.35695E-4
6.60795E+1	3.05178E-4
6.61100E+1	3.05178E-4
6.61406E+1	3.05178E-4
6.61712E+1	3.05178E-4
6.62017E+1	3.05178E-4
6.62323E+1	3.05178E-4
6.62629E+1	3.05178E-4
6.62934E+1	3.05178E-4
6.63240E+1	3.05178E-4
6.63545E+1	3.05178E-4
6.63851E+1	3.05178E-4
6.64157E+1	3.05178E-4
6.64462E+1	2.74660E-4
6.64768E+1	2.44142E-4
6.65074E+1	2.44142E-4
6.65379E+1	2.44142E-4
6.65685E+1	2.44142E-4
6.65991E+1	2.44142E-4
6.66296E+1	2.44142E-4
6.66602E+1	2.44142E-4
6.66907E+1	2.13624E-4
6.67213E+1	2.13624E-4
6.67519E+1	2.13624E-4
6.67824E+1	1.83106E-4
6.68130E+1	1.83106E-4
6.68436E+1	1.83106E-4
6.68741E+1	1.83106E-4
6.69047E+1	1.83106E-4
6.69353E+1	1.83106E-4
6.69658E+1	1.83106E-4
6.69964E+1	1.83106E-4
6.70270E+1	1.22071E-4
6.70575E+1	1.22071E-4
6.70881E+1	1.22071E-4
6.71186E+1	1.22071E-4
6.71492E+1	1.22071E-4
6.71798E+1	1.22071E-4
6.72103E+1	1.22071E-4
6.72409E+1	1.22071E-4
6.72715E+1	1.22071E-4
6.73020E+1	1.22071E-4
6.73326E+1	9.15532E-5
6.73632E+1	1.22071E-4
6.73937E+1	1.22071E-4
6.74243E+1	9.15532E-5
6.74548E+1	9.15532E-5
6.74854E+1	9.15532E-5
6.75160E+1	9.15532E-5
6.75465E+1	9.15532E-5
6.75771E+1	9.15532E-5
6.76077E+1	9.15532E-5
6.76382E+1	9.15532E-5
6.76688E+1	9.15532E-5
6.76994E+1	9.15532E-5
6.77299E+1	9.15532E-5
6.77605E+1	9.15532E-5
6.77911E+1	9.15532E-5
6.78216E+1	9.15532E-5
6.78522E+1	9.15532E-5
6.78827E+1	9.15532E-5
6.79133E+1	9.15532E-5
6.79439E+1	9.15532E-5
6.79744E+1	9.15532E-5
6.80050E+1	9.15532E-5
6.80356E+1	9.15532E-5
6.80661E+1	9.15532E-5
6.80967E+1	6.10356E-5
6.81273E+1	6.10356E-5
6.81578E+1	6.10356E-5
6.81884E+1	6.10356E-5
6.82189E+1	6.10356E-5
6.82495E+1	6.10356E-5
6.82801E+1	6.10356E-5
6.83106E+1	6.10356E-5
6.83412E+1	6.10356E-5
6.83718E+1	6.10356E-5
6.84023E+1	6.10356E-5
6.84329E+1	6.10356E-5
6.84635E+1	6.10356E-5
6.84940E+1	6.10356E-5
6.85246E+1	6.10356E-5
6.85552E+1	6.10356E-5
6.85857E+1	6.10356E-5
6.86163E+1	6.10356E-5
6.86468E+1	6.10356E-5
6.86774E+1	6.10356E-5
6.87080E+1	6.10356E-5
6.87385E+1	6.10356E-5
6.87691E+1	6.10356E-5
6.87997E+1	6.10356E-5
6.88302E+1	6.10356E-5
6.88608E+1	6.10356E-5
6.88914E+1	6.10356E-5
6.89219E+1	6.10356E-5
6.89525E+1	6.10356E-5
6.89831E+1	6.10356E-5
6.90136E+1	6.10356E-5
6.90442E+1	6.10356E-5
6.90747E+1	6.10356E-5
6.91053E+1	6.10356E-5
6.91359E+1	6.10356E-5
6.91664E+1	6.10356E-5
6.91970E+1	6.10356E-5
6.92276E+1	6.10356E-5
6.92581E+1	6.10356E-5
6.92887E+1	6.10356E-5
6.93193E+1	6.10356E-5
6.93498E+1	6.10356E-5
6.93804E+1	6.10356E-5
6.94109E+1	6.10356E-5
6.94415E+1	6.10356E-5
6.94721E+1	6.10356E-5
6.95026E+1	6.10356E-5
6.95332E+1	6.10356E-5
6.95638E+1	6.10356E-5
6.95943E+1	6.10356E-5
6.96249E+1	6.10356E-5
6.96555E+1	6.10356E-5
6.96860E+1	6.10356E-5
6.97166E+1	6.10356E-5
6.97472E+1	3.05178E-5
6.97777E+1	6.10356E-5
6.98083E+1	3.05178E-5
6.98388E+1	3.05178E-5
6.98694E+1	6.10356E-5
6.99000E+1	3.05178E-5
6.99305E+1	3.05178E-5
6.99611E+1	3.05178E-5
6.99917E+1	3.05178E-5
7.00222E+1	3.05178E-5
7.00528E+1	3.05178E-5
7.00834E+1	3.05178E-5
7.01139E+1	3.05178E-5
7.01445E+1	3.05178E-5
7.01750E+1	3.05178E-5
7.02056E+1	3.05178E-5
7.02362E+1	3.05178E-5
7.02667E+1	3.05178E-5
7.02973E+1	3.05178E-5
7.03279E+1	3.05178E-5
7.03584E+1	3.05178E-5
7.03890E+1	3.05178E-5
7.04196E+1	3.05178E-5
7.04501E+1	3.05178E-5
7.04807E+1	3.05178E-5
7.05113E+1	3.05178E-5
7.05418E+1	3.05178E-5
7.05724E+1	3.05178E-5
7.06029E+1	3.05178E-5
7.06335E+1	3.05178E-5
7.06641E+1	3.05178E-5
7.06946E+1	3.05178E-5
7.07252E+1	3.05178E-5
7.07558E+1	3.05178E-5
7.07863E+1	3.05178E-5
7.08169E+1	3.05178E-5
7.08475E+1	3.05178E-5
7.08780E+1	3.05178E-5
7.09086E+1	3.05178E-5
7.09391E+1	3.05178E-5
7.09697E+1	3.05178E-5
7.10003E+1	3.05178E-5
7.10308E+1	3.05178E-5
7.10614E+1	3.05178E-5
7.10920E+1	3.05178E-5
7.11225E+1	3.05178E-5
7.11531E+1	3.05178E-5
7.11837E+1	3.05178E-5
7.12142E+1	3.05178E-5
7.12448E+1	3.05178E-5
7.12754E+1	3.05178E-5
7.13059E+1	3.05178E-5
7.13365E+1	3.05178E-5
7.13670E+1	3.05178E-5
7.13976E+1	3.05178E-5
7.14282E+1	3.05178E-5
7.14587E+1	3.05178E-5
7.14893E+1	3.05178E-5
7.15199E+1	3.05178E-5
7.15504E+1	3.05178E-5
7.15810E+1	3.05178E-5
7.16116E+1	3.05178E-5
7.16421E+1	3.05178E-5
7.16727E+1	3.05178E-5
7.17033E+1	3.05178E-5
7.17338E+1	3.05178E-5
7.17644E+1	3.05178E-5
7.17949E+1	3.05178E-5
7.18255E+1	3.05178E-5
7.18561E+1	3.05178E-5
7.18866E+1	6.10356E-5
7.19172E+1	6.10356E-5
7.19478E+1	6.10356E-5
7.19783E+1	6.10356E-5
7.20089E+1	6.10356E-5
7.20395E+1	6.10356E-5
7.20700E+1	6.10356E-5
7.21006E+1	6.10356E-5
7.21311E+1	6.10356E-5
7.21617E+1	6.10356E-5
7.21923E+1	6.10356E-5
7.22228E+1	6.10356E-5
7.22534E+1	6.10356E-5
7.22840E+1	6.10356E-5
7.23145E+1	6.10356E-5
7.23451E+1	6.10356E-5
7.23757E+1	6.10356E-5
7.24062E+1	6.10356E-5
7.24368E+1	6.10356E-5
7.24674E+1	6.10356E-5
7.24979E+1	6.10356E-5
7.25285E+1	6.10356E-5
7.25590E+1	6.10356E-5
7.25896E+1	6.10356E-5
7.26202E+1	6.10356E-5
7.26507E+1	6.10356E-5
7.26813E+1	6.10356E-5
7.27119E+1	6.10356E-5
7.27424E+1	6.10356E-5
7.27730E+1	6.10356E-5
7.28036E+1	6.10356E-5
7.28341E+1	6.10356E-5
7.28647E+1	6.10356E-5
7.28952E+1	6.10356E-5
7.29258E+1	6.10356E-5
7.29564E+1	6.10356E-5
7.29869E+1	6.10356E-5
7.30175E+1	6.10356E-5
7.30481E+1	6.10356E-5
7.30786E+1	6.10356E-5
7.31092E+1	6.10356E-5
7.31398E+1	6.10356E-5
7.31703E+1	6.10356E-5
7.32009E+1	6.10356E-5
7.32315E+1	9.15532E-5
7.32620E+1	9.15532E-5
7.32926E+1	9.15532E-5
7.33231E+1	9.15532E-5
7.33537E+1	9.15532E-5
7.33843E+1	9.15532E-5
7.34148E+1	9.15532E-5
7.34454E+1	9.15532E-5
7.34760E+1	9.15532E-5
7.35065E+1	9.15532E-5
7.35371E+1	9.15532E-5
7.35677E+1	9.15532E-5
7.35982E+1	9.15532E-5
7.36288E+1	9.15532E-5
7.36593E+1	9.15532E-5
7.36899E+1	1.22071E-4
7.37205E+1	1.22071E-4
7.37510E+1	1.22071E-4
7.37816E+1	1.22071E-4
7.38122E+1	1.22071E-4
7.38427E+1	1.22071E-4
7.38733E+1	1.22071E-4
7.39039E+1	1.22071E-4
7.39344E+1	1.52589E-4
7.39650E+1	1.83106E-4
7.39956E+1	1.83106E-4
7.40261E+1	1.83106E-4
7.40567E+1	1.83106E-4
7.40872E+1	1.83106E-4
7.41178E+1	1.83106E-4
7.41484E+1	1.83106E-4
7.41789E+1	1.83106E-4
7.42095E+1	1.83106E-4
7.42401E+1	1.83106E-4
7.42706E+1	1.83106E-4
7.43012E+1	1.52589E-4
7.43318E+1	1.83106E-4
7.43623E+1	1.52589E-4
7.43929E+1	1.52589E-4
7.44235E+1	1.52589E-4
7.44540E+1	1.52589E-4
7.44846E+1	1.22071E-4
7.45151E+1	1.52589E-4
7.45457E+1	1.52589E-4
7.45763E+1	1.52589E-4
7.46068E+1	1.52589E-4
7.46374E+1	1.52589E-4
7.46680E+1	1.52589E-4
7.46985E+1	1.22071E-4
7.47291E+1	1.22071E-4
7.47597E+1	1.22071E-4
7.47902E+1	1.22071E-4
7.48208E+1	1.22071E-4
7.48513E+1	1.22071E-4
7.48819E+1	1.22071E-4
7.49125E+1	1.22071E-4
7.49430E+1	1.22071E-4
7.49736E+1	1.22071E-4
7.50042E+1	1.22071E-4
7.50347E+1	1.22071E-4
7.50653E+1	1.22071E-4
7.50959E+1	1.52589E-4
7.51264E+1	1.22071E-4
7.51570E+1	1.22071E-4
7.51876E+1	1.22071E-4
7.52181E+1	1.22071E-4
7.52487E+1	1.22071E-4
7.52792E+1	1.22071E-4
7.53098E+1	1.52589E-4
7.53404E+1	1.22071E-4
7.53709E+1	1.22071E-4
7.54015E+1	1.52589E-4
7.54321E+1	1.52589E-4
7.54626E+1	1.22071E-4
7.54932E+1	1.22071E-4
7.55238E+1	1.52589E-4
7.55543E+1	1.52589E-4
7.55849E+1	1.22071E-4
7.56154E+1	1.22071E-4
7.56460E+1	1.22071E-4
7.56766E+1	1.22071E-4
7.57071E+1	1.22071E-4
7.57377E+1	1.22071E-4
7.57683E+1	1.22071E-4
7.57988E+1	1.22071E-4
7.58294E+1	1.22071E-4
7.58600E+1	1.22071E-4
7.58905E+1	1.22071E-4
7.59211E+1	1.22071E-4
7.59517E+1	1.22071E-4
7.59822E+1	1.22071E-4
7.60128E+1	1.22071E-4
7.60433E+1	1.22071E-4
7.60739E+1	1.22071E-4
7.61045E+1	1.22071E-4
7.61350E+1	1.22071E-4
7.61656E+1	1.22071E-4
7.61962E+1	9.15532E-5
7.62267E+1	9.15532E-5
7.62573E+1	9.15532E-5
7.62879E+1	9.15532E-5
7.63184E+1	9.15532E-5
7.63490E+1	9.15532E-5
7.63795E+1	9.15532E-5
7.64101E+1	9.15532E-5
7.64407E+1	9.15532E-5
7.64712E+1	9.15532E-5
7.65018E+1	9.15532E-5
7.65324E+1	9.15532E-5
7.65629E+1	6.10356E-5
7.65935E+1	6.10356E-5
7.66241E+1	6.10356E-5
7.66546E+1	6.10356E-5
7.66852E+1	6.10356E-5
7.67158E+1	6.10356E-5
7.67463E+1	6.10356E-5
7.67769E+1	6.10356E-5
7.68074E+1	6.10356E-5
7.68380E+1	6.10356E-5
7.68686E+1	6.10356E-5
7.68991E+1	6.10356E-5
7.69297E+1	6.10356E-5
7.69603E+1	6.10356E-5
7.69908E+1	6.10356E-5
7.70214E+1	6.10356E-5
7.70520E+1	6.10356E-5
7.70825E+1	6.10356E-5
7.71131E+1	6.10356E-5
7.71437E+1	6.10356E-5
7.71742E+1	6.10356E-5
7.72048E+1	6.10356E-5
7.72353E+1	6.10356E-5
7.72659E+1	6.10356E-5
7.72965E+1	6.10356E-5
7.73270E+1	6.10356E-5
7.73576E+1	6.10356E-5
7.73882E+1	6.10356E-5
7.74187E+1	6.10356E-5
7.74493E+1	6.10356E-5
7.74799E+1	6.10356E-5
7.75104E+1	3.05178E-5
7.75410E+1	6.10356E-5
7.75715E+1	3.05178E-5
7.76021E+1	6.10356E-5
7.76327E+1	3.05178E-5
7.76632E+1	3.05178E-5
7.76938E+1	3.05178E-5
7.77244E+1	3.05178E-5
7.77549E+1	3.05178E-5
7.77855E+1	3.05178E-5
7.78161E+1	3.05178E-5
7.78466E+1	3.05178E-5
7.78772E+1	3.05178E-5
7.79078E+1	3.05178E-5
7.79383E+1	3.05178E-5
7.79689E+1	3.05178E-5
7.79994E+1	3.05178E-5
7.80300E+1	3.05178E-5
7.80606E+1	3.05178E-5
7.80911E+1	3.05178E-5
7.81217E+1	3.05178E-5
7.81523E+1	3.05178E-5
7.81828E+1	3.05178E-5
7.82134E+1	3.05178E-5
7.82440E+1	3.05178E-5
7.82745E+1	3.05178E-5
7.83051E+1	3.05178E-5
7.83356E+1	3.05178E-5
7.83662E+1	3.05178E-5
7.83968E+1	3.05178E-5
7.84273E+1	3.05178E-5
7.84579E+1	3.05178E-5
7.84885E+1	3.05178E-5
7.85190E+1	3.05178E-5
7.85496E+1	3.05178E-5
7.85802E+1	3.05178E-5
7.86107E+1	3.05178E-5
7.86413E+1	3.05178E-5
7.86719E+1	3.05178E-5
7.87024E+1	3.05178E-5
7.87330E+1	3.05178E-5
7.87635E+1	3.05178E-5
7.87941E+1	3.05178E-5
7.88247E+1	3.05178E-5
7.88552E+1	3.05178E-5
7.88858E+1	3.05178E-5
7.89164E+1	3.05178E-5
7.89469E+1	3.05178E-5
7.89775E+1	3.05178E-5
7.90081E+1	3.05178E-5
7.90386E+1	3.05178E-5
7.90692E+1	3.05178E-5
7.90997E+1	3.05178E-5
7.91303E+1	3.05178E-5
7.91609E+1	3.05178E-5
7.91914E+1	3.05178E-5
7.92220E+1	3.05178E-5
7.92526E+1	3.05178E-5
7.92831E+1	3.05178E-5
7.93137E+1	3.05178E-5
7.93443E+1	3.05178E-5
7.93748E+1	3.05178E-5
7.94054E+1	3.05178E-5
7.94360E+1	3.05178E-5
7.94665E+1	3.05178E-5
7.94971E+1	3.05178E-5
7.95276E+1	3.05178E-5
7.95582E+1	3.05178E-5
7.95888E+1	3.05178E-5
7.96193E+1	3.05178E-5
7.96499E+1	3.05178E-5
7.96805E+1	3.05178E-5
7.97110E+1	3.05178E-5
7.97416E+1	3.05178E-5
7.97722E+1	3.05178E-5
7.98027E+1	3.05178E-5
7.98333E+1	3.05178E-5
7.98639E+1	3.05178E-5
7.98944E+1	3.05178E-5
7.99250E+1	3.05178E-5
7.99555E+1	3.05178E-5
7.99861E+1	3.05178E-5
8.00167E+1	3.05178E-5
8.00472E+1	3.05178E-5
8.00778E+1	3.05178E-5
8.01084E+1	3.05178E-5
8.01389E+1	3.05178E-5
8.01695E+1	3.05178E-5
8.02001E+1	3.05178E-5
8.02306E+1	3.05178E-5
8.02612E+1	3.05178E-5
8.02917E+1	3.05178E-5
8.03223E+1	3.05178E-5
8.03529E+1	3.05178E-5
8.03834E+1	3.05178E-5
8.04140E+1	3.05178E-5
8.04446E+1	3.05178E-5
8.04751E+1	3.05178E-5
8.05057E+1	3.05178E-5
8.05363E+1	3.05178E-5
8.05668E+1	3.05178E-5
8.05974E+1	3.05178E-5
8.06280E+1	3.05178E-5
8.06585E+1	3.05178E-5
8.06891E+1	3.05178E-5
8.07196E+1	3.05178E-5
8.07502E+1	3.05178E-5
8.07808E+1	3.05178E-5
8.08113E+1	3.05178E-5
8.08419E+1	3.05178E-5
8.08725E+1	3.05178E-5
8.09030E+1	3.05178E-5
8.09336E+1	3.05178E-5
8.09642E+1	3.05178E-5
8.09947E+1	3.05178E-5
8.10253E+1	3.05178E-5
8.10558E+1	3.05178E-5
8.10864E+1	3.05178E-5
8.11170E+1	3.05178E-5
8.11475E+1	3.05178E-5
8.11781E+1	3.05178E-5
8.12087E+1	3.05178E-5
8.12392E+1	3.05178E-5
8.12698E+1	3.05178E-5
8.13004E+1	3.05178E-5
8.13309E+1	3.05178E-5
8.13615E+1	3.05178E-5
8.13921E+1	3.05178E-5
8.14226E+1	3.05178E-5
8.14532E+1	3.05178E-5
8.14837E+1	3.05178E-5
8.15143E+1	3.05178E-5
8.15449E+1	3.05178E-5
8.15754E+1	3.05178E-5
8.16060E+1	3.05178E-5
8.16366E+1	3.05178E-5
8.16671E+1	3.05178E-5
8.16977E+1	3.05178E-5
8.17283E+1	3.05178E-5
8.17588E+1	3.05178E-5
8.17894E+1	3.05178E-5
8.18199E+1	3.05178E-5
8.18505E+1	3.05178E-5
8.18811E+1	3.05178E-5
8.19116E+1	3.05178E-5
8.19422E+1	6.10356E-5
8.19728E+1	3.05178E-5
8.20033E+1	6.10356E-5
8.20339E+1	6.10356E-5
8.20645E+1	6.10356E-5
8.20950E+1	6.10356E-5
8.21256E+1	6.10356E-5
8.21562E+1	6.10356E-5
8.21867E+1	6.10356E-5
8.22173E+1	6.10356E-5
8.22478E+1	6.10356E-5
8.22784E+1	6.10356E-5
8.23090E+1	6.10356E-5
8.23395E+1	6.10356E-5
8.23701E+1	6.10356E-5
8.24007E+1	6.10356E-5
8.24312E+1	6.10356E-5
8.24618E+1	6.10356E-5
8.24924E+1	6.10356E-5
8.25229E+1	6.10356E-5
8.25535E+1	6.10356E-5
8.25841E+1	6.10356E-5
8.26146E+1	6.10356E-5
8.26452E+1	6.10356E-5
8.26757E+1	6.10356E-5
8.27063E+1	6.10356E-5
8.27369E+1	6.10356E-5
8.27674E+1	6.10356E-5
8.27980E+1	6.10356E-5
8.28286E+1	6.10356E-5
8.28591E+1	6.10356E-5
8.28897E+1	6.10356E-5
8.29203E+1	6.10356E-5
8.29508E+1	6.10356E-5
8.29814E+1	6.10356E-5
8.30119E+1	6.10356E-5
8.30425E+1	6.10356E-5
8.30731E+1	6.10356E-5
8.31036E+1	6.10356E-5
8.31342E+1	9.15532E-5
8.31648E+1	9.15532E-5
8.31953E+1	9.15532E-5
8.32259E+1	9.15532E-5
8.32565E+1	9.15532E-5
8.32870E+1	9.15532E-5
8.33176E+1	9.15532E-5
8.33482E+1	9.15532E-5
8.33787E+1	9.15532E-5
8.34093E+1	9.15532E-5
8.34398E+1	9.15532E-5
8.34704E+1	9.15532E-5
8.35010E+1	9.15532E-5
8.35315E+1	1.22071E-4
8.35621E+1	1.22071E-4
8.35927E+1	1.22071E-4
8.36232E+1	1.22071E-4
8.36538E+1	1.22071E-4
8.36844E+1	1.22071E-4
8.37149E+1	1.22071E-4
8.37455E+1	1.52589E-4
8.37760E+1	1.52589E-4
8.38066E+1	1.52589E-4
8.38372E+1	1.83106E-4
8.38677E+1	1.83106E-4
8.38983E+1	1.83106E-4
8.39289E+1	1.83106E-4
8.39594E+1	1.83106E-4
8.39900E+1	1.83106E-4
8.40206E+1	1.83106E-4
8.40511E+1	1.83106E-4
8.40817E+1	1.83106E-4
8.41123E+1	1.83106E-4
8.41428E+1	1.83106E-4
8.41734E+1	1.83106E-4
8.42039E+1	1.83106E-4
8.42345E+1	1.83106E-4
8.42651E+1	1.83106E-4
8.42956E+1	1.83106E-4
8.43262E+1	1.83106E-4
8.43568E+1	1.83106E-4
8.43873E+1	1.52589E-4
8.44179E+1	1.83106E-4
8.44485E+1	1.83106E-4
8.44790E+1	1.83106E-4
8.45096E+1	1.83106E-4
8.45402E+1	1.83106E-4
8.45707E+1	1.83106E-4
8.46013E+1	1.83106E-4
8.46318E+1	1.52589E-4
8.46624E+1	1.52589E-4
8.46930E+1	1.22071E-4
8.47235E+1	1.83106E-4
8.47541E+1	1.52589E-4
8.47847E+1	1.83106E-4
8.48152E+1	1.22071E-4
8.48458E+1	1.52589E-4
8.48764E+1	1.52589E-4
8.49069E+1	1.22071E-4
8.49375E+1	1.22071E-4
8.49680E+1	1.52589E-4
8.49986E+1	1.22071E-4
8.50292E+1	1.52589E-4
8.50597E+1	1.22071E-4
8.50903E+1	1.22071E-4
8.51209E+1	1.22071E-4
8.51514E+1	1.52589E-4
8.51820E+1	1.52589E-4
8.52126E+1	1.22071E-4
8.52431E+1	1.22071E-4
8.52737E+1	1.22071E-4
8.53043E+1	1.52589E-4
8.53348E+1	1.22071E-4
8.53654E+1	1.22071E-4
8.53959E+1	1.22071E-4
8.54265E+1	1.22071E-4
8.54571E+1	1.22071E-4
8.54876E+1	1.22071E-4
8.55182E+1	1.22071E-4
8.55488E+1	1.22071E-4
8.55793E+1	1.22071E-4
8.56099E+1	1.22071E-4
8.56405E+1	1.22071E-4
8.56710E+1	1.22071E-4
8.57016E+1	1.22071E-4
8.57321E+1	1.22071E-4
8.57627E+1	1.52589E-4
8.57933E+1	1.83106E-4
8.58238E+1	1.22071E-4
8.58544E+1	1.22071E-4
8.58850E+1	1.22071E-4
8.59155E+1	1.83106E-4
8.59461E+1	1.83106E-4
8.59767E+1	1.83106E-4
8.60072E+1	1.83106E-4
8.60378E+1	1.83106E-4
8.60684E+1	1.83106E-4
8.60989E+1	1.83106E-4
8.61295E+1	1.83106E-4
8.61600E+1	1.52589E-4
8.61906E+1	1.52589E-4
8.62212E+1	1.52589E-4
8.62517E+1	1.52589E-4
8.62823E+1	1.52589E-4
8.63129E+1	1.52589E-4
8.63434E+1	1.52589E-4
8.63740E+1	1.52589E-4
8.64046E+1	1.52589E-4
8.64351E+1	1.52589E-4
8.64657E+1	1.22071E-4
8.64962E+1	1.52589E-4
8.65268E+1	1.22071E-4
8.65574E+1	1.22071E-4
8.65879E+1	1.22071E-4
8.66185E+1	1.22071E-4
8.66491E+1	1.22071E-4
8.66796E+1	1.22071E-4
8.67102E+1	1.22071E-4
8.67408E+1	1.22071E-4
8.67713E+1	1.22071E-4
8.68019E+1	1.22071E-4
8.68325E+1	1.22071E-4
8.68630E+1	1.22071E-4
8.68936E+1	1.22071E-4
8.69241E+1	1.22071E-4
8.69547E+1	1.22071E-4
8.69853E+1	1.22071E-4
8.70158E+1	1.22071E-4
8.70464E+1	1.22071E-4
8.70770E+1	1.22071E-4
8.71075E+1	1.22071E-4
8.71381E+1	1.22071E-4
8.71687E+1	1.22071E-4
8.71992E+1	1.22071E-4
8.72298E+1	1.22071E-4
8.72604E+1	1.22071E-4
8.72909E+1	1.22071E-4
8.73215E+1	1.22071E-4
8.73520E+1	1.22071E-4
8.73826E+1	1.22071E-4
8.74132E+1	1.22071E-4
8.74437E+1	1.22071E-4
8.74743E+1	1.22071E-4
8.75049E+1	1.22071E-4
8.75354E+1	1.22071E-4
8.75660E+1	1.22071E-4
8.75966E+1	1.22071E-4
8.76271E+1	1.22071E-4
8.76577E+1	1.22071E-4
8.76882E+1	1.22071E-4
8.77188E+1	1.22071E-4
8.77494E+1	1.22071E-4
8.77799E+1	1.22071E-4
8.78105E+1	1.22071E-4
8.78411E+1	1.52589E-4
8.78716E+1	1.52589E-4
8.79022E+1	1.52589E-4
8.79328E+1	1.52589E-4
8.79633E+1	1.52589E-4
8.79939E+1	1.52589E-4
8.80245E+1	1.52589E-4
8.80550E+1	1.52589E-4
8.80856E+1	1.52589E-4
8.81161E+1	1.52589E-4
8.81467E+1	1.83106E-4
8.81773E+1	1.83106E-4
8.82078E+1	1.83106E-4
8.82384E+1	1.83106E-4
8.82690E+1	1.83106E-4
8.82995E+1	1.83106E-4
8.83301E+1	1.83106E-4
8.83607E+1	1.83106E-4
8.83912E+1	1.83106E-4
8.84218E+1	1.83106E-4
8.84523E+1	1.83106E-4
8.84829E+1	2.13624E-4
8.85135E+1	2.13624E-4
8.85440E+1	2.13624E-4
8.85746E+1	2.13624E-4
8.86052E+1	2.13624E-4
8.86357E+1	2.13624E-4
8.86663E+1	2.13624E-4
8.86969E+1	2.44142E-4
8.87274E+1	2.44142E-4
8.87580E+1	2.44142E-4
8.87886E+1	2.44142E-4
8.88191E+1	2.74660E-4
8.88497E+1	2.74660E-4
8.88802E+1	2.74660E-4
8.89108E+1	3.05178E-4
8.89414E+1	3.05178E-4
8.89719E+1	3.05178E-4
8.90025E+1	3.66213E-4
8.90331E+1	3.66213E-4
8.90636E+1	3.05178E-4
8.90942E+1	3.05178E-4
8.91248E+1	3.05178E-4
8.91553E+1	3.35695E-4
8.91859E+1	3.05178E-4
8.92164E+1	3.05178E-4
8.92470E+1	3.05178E-4
8.92776E+1	3.35695E-4
8.93081E+1	3.66213E-4
8.93387E+1	3.96730E-4
8.93693E+1	3.35695E-4
8.93998E+1	3.96730E-4
8.94304E+1	3.66213E-4
8.94610E+1	4.27248E-4
8.94915E+1	4.27248E-4
8.95221E+1	4.88285E-4
8.95527E+1	4.27248E-4
8.95832E+1	4.88285E-4
8.96138E+1	4.88285E-4
8.96443E+1	4.88285E-4
8.96749E+1	4.88285E-4
8.97055E+1	4.88285E-4
8.97360E+1	4.88285E-4
8.97666E+1	5.18803E-4
8.97972E+1	4.88285E-4
8.98277E+1	4.88285E-4
8.98583E+1	4.88285E-4
8.98889E+1	4.57766E-4
8.99194E+1	4.27248E-4
8.99500E+1	3.96730E-4
8.99806E+1	3.96730E-4
9.00111E+1	3.66213E-4
9.00417E+1	3.35695E-4
9.00722E+1	3.35695E-4
9.01028E+1	3.35695E-4
9.01334E+1	3.35695E-4
9.01639E+1	3.05178E-4
9.01945E+1	3.05178E-4
9.02251E+1	2.74660E-4
9.02556E+1	2.74660E-4
9.02862E+1	2.74660E-4
9.03168E+1	2.74660E-4
9.03473E+1	2.44142E-4
9.03779E+1	2.44142E-4
9.04084E+1	2.44142E-4
9.04390E+1	2.44142E-4
9.04696E+1	3.05178E-4
9.05001E+1	3.05178E-4
9.05307E+1	3.05178E-4
9.05613E+1	2.74660E-4
9.05918E+1	2.74660E-4
9.06224E+1	2.74660E-4
9.06530E+1	3.05178E-4
9.06835E+1	3.05178E-4
9.07141E+1	3.05178E-4
9.07447E+1	3.05178E-4
9.07752E+1	3.05178E-4
9.08058E+1	3.05178E-4
9.08363E+1	3.05178E-4
9.08669E+1	3.05178E-4
9.08975E+1	3.05178E-4
9.09280E+1	3.05178E-4
9.09586E+1	2.74660E-4
9.09892E+1	3.05178E-4
9.10197E+1	3.05178E-4
9.10503E+1	3.05178E-4
9.10809E+1	3.05178E-4
9.11114E+1	3.05178E-4
9.11420E+1	3.05178E-4
9.11725E+1	2.74660E-4
9.12031E+1	2.74660E-4
9.12337E+1	3.05178E-4
9.12642E+1	3.05178E-4
9.12948E+1	2.74660E-4
9.13254E+1	3.05178E-4
9.13559E+1	3.05178E-4
9.13865E+1	3.05178E-4
9.14171E+1	3.66213E-4
9.14476E+1	3.66213E-4
9.14782E+1	3.66213E-4
9.15088E+1	3.96730E-4
9.15393E+1	3.96730E-4
9.15699E+1	3.96730E-4
9.16004E+1	3.96730E-4
9.16310E+1	3.96730E-4
9.16616E+1	4.27248E-4
9.16921E+1	4.27248E-4
9.17227E+1	4.27248E-4
9.17533E+1	4.27248E-4
9.17838E+1	4.27248E-4
9.18144E+1	4.57766E-4
9.18450E+1	6.10355E-4
9.18755E+1	5.79838E-4
9.19061E+1	4.88285E-4
9.19366E+1	6.10355E-4
9.19672E+1	6.71390E-4
9.19978E+1	8.23978E-4
9.20283E+1	7.62943E-4
9.20589E+1	7.93461E-4
9.20895E+1	7.93461E-4
9.21200E+1	7.93461E-4
9.21506E+1	4.88285E-4
9.21812E+1	3.05178E-4
9.22117E+1	3.35695E-4
9.22423E+1	3.05178E-4
9.22729E+1	1.83106E-4
9.23034E+1	2.44142E-4
9.23340E+1	2.13624E-4
9.23645E+1	1.22071E-4
9.23951E+1	1.22071E-4
9.24257E+1	1.22071E-4
9.24562E+1	1.22071E-4
9.24868E+1	1.22071E-4
9.25174E+1	1.22071E-4
9.25479E+1	9.15532E-5
9.25785E+1	9.15532E-5
9.26091E+1	9.15532E-5
9.26396E+1	9.15532E-5
9.26702E+1	9.15532E-5
9.27008E+1	9.15532E-5
9.27313E+1	6.10356E-5
9.27619E+1	6.10356E-5
9.27924E+1	6.10356E-5
9.28230E+1	6.10356E-5
9.28536E+1	6.10356E-5
9.28841E+1	6.10356E-5
9.29147E+1	6.10356E-5
9.29453E+1	6.10356E-5
9.29758E+1	6.10356E-5
9.30064E+1	6.10356E-5
9.30370E+1	6.10356E-5
9.30675E+1	6.10356E-5
9.30981E+1	6.10356E-5
9.31286E+1	6.10356E-5
9.31592E+1	6.10356E-5
9.31898E+1	6.10356E-5
9.32203E+1	3.05178E-5
9.32509E+1	3.05178E-5
9.32815E+1	3.05178E-5
9.33120E+1	3.05178E-5
9.33426E+1	3.05178E-5
9.33732E+1	3.05178E-5
9.34037E+1	3.05178E-5
9.34343E+1	0.00000E+0
9.34649E+1	0.00000E+0
9.34954E+1	0.00000E+0
9.35260E+1	0.00000E+0
9.35565E+1	0.00000E+0
9.35871E+1	3.05178E-5
9.36177E+1	3.05178E-5
9.36482E+1	6.10356E-5
9.36788E+1	6.10356E-5
9.37094E+1	6.10356E-5
9.37399E+1	6.10356E-5
9.37705E+1	6.10356E-5
9.38011E+1	6.10356E-5
9.38316E+1	6.10356E-5
9.38622E+1	6.10356E-5
9.38927E+1	3.05178E-5
9.39233E+1	3.05178E-5
9.39539E+1	3.05178E-5
9.39844E+1	3.05178E-5
9.40150E+1	3.05178E-5
9.40456E+1	3.05178E-5
9.40761E+1	3.05178E-5
9.41067E+1	3.05178E-5
9.41373E+1	3.05178E-5
9.41678E+1	3.05178E-5
9.41984E+1	3.05178E-5
9.42290E+1	3.05178E-5
9.42595E+1	3.05178E-5
9.42901E+1	3.05178E-5
9.43206E+1	3.05178E-5
9.43512E+1	3.05178E-5
9.43818E+1	3.05178E-5
9.44123E+1	3.05178E-5
9.44429E+1	3.05178E-5
9.44735E+1	3.05178E-5
9.45040E+1	3.05178E-5
9.45346E+1	3.05178E-5
9.45652E+1	3.05178E-5
9.45957E+1	3.05178E-5
9.46263E+1	3.05178E-5
9.46568E+1	3.05178E-5
9.46874E+1	3.05178E-5
9.47180E+1	3.05178E-5
9.47485E+1	3.05178E-5
9.47791E+1	0.00000E+0
9.48097E+1	3.05178E-5
9.48402E+1	0.00000E+0
9.48708E+1	0.00000E+0
9.49014E+1	0.00000E+0
9.49319E+1	0.00000E+0
9.49625E+1	0.00000E+0
9.49931E+1	0.00000E+0
9.50236E+1	0.00000E+0
9.50542E+1	0.00000E+0
9.50847E+1	0.00000E+0
9.51153E+1	0.00000E+0
9.51459E+1	0.00000E+0
9.51764E+1	0.00000E+0
9.52070E+1	0.00000E+0
9.52376E+1	0.00000E+0
9.52681E+1	0.00000E+0
9.52987E+1	0.00000E+0
9.53293E+1	0.00000E+0
9.53598E+1	0.00000E+0
9.53904E+1	0.00000E+0
9.54210E+1	0.00000E+0
9.54515E+1	0.00000E+0
9.54821E+1	0.00000E+0
9.55126E+1	0.00000E+0
9.55432E+1	0.00000E+0
9.55738E+1	0.00000E+0
9.56043E+1	0.00000E+0
9.56349E+1	0.00000E+0
9.56655E+1	0.00000E+0
9.56960E+1	0.00000E+0
9.57266E+1	0.00000E+0
9.57572E+1	0.00000E+0
9.57877E+1	0.00000E+0
9.58183E+1	0.00000E+0
9.58488E+1	0.00000E+0
9.58794E+1	0.00000E+0
9.59100E+1	0.00000E+0
9.59405E+1	0.00000E+0
9.59711E+1	0.00000E+0
9.60017E+1	0.00000E+0
9.60322E+1	0.00000E+0
9.60628E+1	0.00000E+0
9.60934E+1	0.00000E+0
9.61239E+1	0.00000E+0
9.61545E+1	0.00000E+0
9.61851E+1	0.00000E+0
9.62156E+1	0.00000E+0
9.62462E+1	0.00000E+0
9.62767E+1	0.00000E+0
9.63073E+1	0.00000E+0
9.63379E+1	0.00000E+0
9.63684E+1	0.00000E+0
9.63990E+1	0.00000E+0
9.64296E+1	0.00000E+0
9.64601E+1	0.00000E+0
9.64907E+1	0.00000E+0
9.65213E+1	0.00000E+0
9.65518E+1	0.00000E+0
9.65824E+1	0.00000E+0
9.66129E+1	0.00000E+0
9.66435E+1	0.00000E+0
9.66741E+1	0.00000E+0
9.67046E+1	0.00000E+0
9.67352E+1	0.00000E+0
9.67658E+1	0.00000E+0
9.67963E+1	0.00000E+0
9.68269E+1	0.00000E+0
9.68575E+1	0.00000E+0
9.68880E+1	0.00000E+0
9.69186E+1	0.00000E+0
9.69492E+1	0.00000E+0
9.69797E+1	0.00000E+0
9.70103E+1	0.00000E+0
9.70408E+1	0.00000E+0
9.70714E+1	0.00000E+0
9.71020E+1	0.00000E+0
9.71325E+1	0.00000E+0
9.71631E+1	0.00000E+0
9.71937E+1	0.00000E+0
9.72242E+1	0.00000E+0
9.72548E+1	0.00000E+0
9.72854E+1	0.00000E+0
9.73159E+1	0.00000E+0
9.73465E+1	0.00000E+0
9.73770E+1	0.00000E+0
9.74076E+1	0.00000E+0
9.74382E+1	0.00000E+0
9.74687E+1	0.00000E+0
9.74993E+1	0.00000E+0
9.75299E+1	0.00000E+0
9.75604E+1	0.00000E+0
9.75910E+1	0.00000E+0
9.76216E+1	0.00000E+0
9.76521E+1	0.00000E+0
9.76827E+1	3.05178E-5
9.77133E+1	3.05178E-5
9.77438E+1	3.05178E-5
9.77744E+1	3.05178E-5
9.78049E+1	3.05178E-5
9.78355E+1	3.05178E-5
9.78661E+1	3.05178E-5
9.78966E+1	3.05178E-5
9.79272E+1	3.05178E-5
9.79578E+1	3.05178E-5
9.79883E+1	3.05178E-5
9.80189E+1	3.05178E-5
9.80495E+1	3.05178E-5
9.80800E+1	3.05178E-5
9.81106E+1	3.05178E-5
9.81412E+1	3.05178E-5
9.81717E+1	0.00000E+0
9.82023E+1	0.00000E+0
9.82328E+1	0.00000E+0
9.82634E+1	0.00000E+0
9.82940E+1	0.00000E+0
9.83245E+1	0.00000E+0
9.83551E+1	0.00000E+0
9.83857E+1	0.00000E+0
9.84162E+1	0.00000E+0
9.84468E+1	0.00000E+0
9.84774E+1	0.00000E+0
9.85079E+1	0.00000E+0
9.85385E+1	0.00000E+0
9.85690E+1	0.00000E+0
9.85996E+1	0.00000E+0
9.86302E+1	0.00000E+0
9.86607E+1	0.00000E+0
9.86913E+1	0.00000E+0
9.87219E+1	0.00000E+0
9.87524E+1	0.00000E+0
9.87830E+1	0.00000E+0
9.88136E+1	0.00000E+0
9.88441E+1	0.00000E+0
9.88747E+1	0.00000E+0
9.89053E+1	0.00000E+0
9.89358E+1	0.00000E+0
9.89664E+1	0.00000E+0
9.89969E+1	0.00000E+0
9.90275E+1	0.00000E+0
9.90581E+1	0.00000E+0
9.90886E+1	0.00000E+0
9.91192E+1	0.00000E+0
9.91498E+1	0.00000E+0
9.91803E+1	0.00000E+0
9.92109E+1	0.00000E+0
9.92415E+1	0.00000E+0
9.92720E+1	0.00000E+0
9.93026E+1	0.00000E+0
9.93331E+1	0.00000E+0
9.93637E+1	0.00000E+0
9.93943E+1	0.00000E+0
9.94248E+1	0.00000E+0
9.94554E+1	0.00000E+0
9.94860E+1	0.00000E+0
9.95165E+1	0.00000E+0
9.95471E+1	0.00000E+0
9.95777E+1	0.00000E+0
9.96082E+1	0.00000E+0
9.96388E+1	0.00000E+0
9.96694E+1	0.00000E+0
9.96999E+1	0.00000E+0
9.97305E+1	0.00000E+0
9.97610E+1	0.00000E+0
9.97916E+1	0.00000E+0
9.98222E+1	0.00000E+0
9.98527E+1	0.00000E+0
9.98833E+1	0.00000E+0
9.99139E+1	0.00000E+0
9.99444E+1	0.00000E+0
9.99750E+1	0.00000E+0
1.00006E+2	0.00000E+0
1.00036E+2	0.00000E+0
1.00067E+2	0.00000E+0
1.00097E+2	0.00000E+0
1.00128E+2	0.00000E+0
1.00158E+2	0.00000E+0
1.00189E+2	0.00000E+0
1.00220E+2	0.00000E+0
1.00250E+2	0.00000E+0
1.00281E+2	0.00000E+0
1.00311E+2	0.00000E+0
1.00342E+2	0.00000E+0
1.00372E+2	0.00000E+0
1.00403E+2	0.00000E+0
1.00433E+2	0.00000E+0
1.00464E+2	0.00000E+0
1.00495E+2	0.00000E+0
1.00525E+2	0.00000E+0
1.00556E+2	0.00000E+0
1.00586E+2	0.00000E+0
1.00617E+2	0.00000E+0
1.00647E+2	0.00000E+0
1.00678E+2	0.00000E+0
1.00709E+2	0.00000E+0
1.00739E+2	0.00000E+0
1.00770E+2	0.00000E+0
1.00800E+2	0.00000E+0
1.00831E+2	0.00000E+0
1.00861E+2	0.00000E+0
1.00892E+2	0.00000E+0
1.00922E+2	0.00000E+0
1.00953E+2	0.00000E+0
1.00984E+2	0.00000E+0
1.01014E+2	0.00000E+0
1.01045E+2	0.00000E+0
1.01075E+2	0.00000E+0
1.01106E+2	0.00000E+0
1.01136E+2	0.00000E+0
1.01167E+2	0.00000E+0
1.01198E+2	0.00000E+0
1.01228E+2	0.00000E+0
1.01259E+2	0.00000E+0
1.01289E+2	0.00000E+0
1.01320E+2	0.00000E+0
1.01350E+2	0.00000E+0
1.01381E+2	0.00000E+0
1.01412E+2	0.00000E+0
1.01442E+2	0.00000E+0
1.01473E+2	0.00000E+0
1.01503E+2	0.00000E+0
1.01534E+2	0.00000E+0
1.01564E+2	0.00000E+0
1.01595E+2	0.00000E+0
1.01625E+2	0.00000E+0
1.01656E+2	0.00000E+0
1.01687E+2	0.00000E+0
1.01717E+2	0.00000E+0
1.01748E+2	0.00000E+0
1.01778E+2	0.00000E+0
1.01809E+2	0.00000E+0
1.01839E+2	0.00000E+0
1.01870E+2	0.00000E+0
1.01901E+2	0.00000E+0
1.01931E+2	0.00000E+0
1.01962E+2	0.00000E+0
1.01992E+2	0.00000E+0
1.02023E+2	0.00000E+0
1.02053E+2	0.00000E+0
1.02084E+2	0.00000E+0
1.02114E+2	0.00000E+0
1.02145E+2	0.00000E+0
1.02176E+2	0.00000E+0
1.02206E+2	0.00000E+0
1.02237E+2	0.00000E+0
1.02267E+2	0.00000E+0
1.02298E+2	0.00000E+0
1.02328E+2	0.00000E+0
1.02359E+2	0.00000E+0
1.02390E+2	0.00000E+0
1.02420E+2	0.00000E+0
1.02451E+2	0.00000E+0
1.02481E+2	0.00000E+0
1.02512E+2	0.00000E+0
1.02542E+2	0.00000E+0
1.02573E+2	0.00000E+0
1.02604E+2	0.00000E+0
1.02634E+2	0.00000E+0
1.02665E+2	0.00000E+0
1.02695E+2	0.00000E+0
1.02726E+2	0.00000E+0
1.02756E+2	0.00000E+0
1.02787E+2	0.00000E+0
1.02817E+2	0.00000E+0
1.02848E+2	0.00000E+0
1.02879E+2	0.00000E+0
1.02909E+2	0.00000E+0
1.02940E+2	0.00000E+0
1.02970E+2	0.00000E+0
1.03001E+2	0.00000E+0
1.03031E+2	0.00000E+0
1.03062E+2	0.00000E+0
1.03093E+2	0.00000E+0
1.03123E+2	0.00000E+0
1.03154E+2	0.00000E+0
1.03184E+2	0.00000E+0
1.03215E+2	0.00000E+0
1.03245E+2	0.00000E+0
1.03276E+2	0.00000E+0
1.03306E+2	0.00000E+0
1.03337E+2	0.00000E+0
1.03368E+2	0.00000E+0
1.03398E+2	0.00000E+0
1.03429E+2	0.00000E+0
1.03459E+2	0.00000E+0
1.03490E+2	0.00000E+0
1.03520E+2	0.00000E+0
1.03551E+2	0.00000E+0
1.03582E+2	0.00000E+0
1.03612E+2	0.00000E+0
1.03643E+2	0.00000E+0
1.03673E+2	0.00000E+0
1.03704E+2	0.00000E+0
1.03734E+2	0.00000E+0
1.03765E+2	0.00000E+0
1.03795E+2	0.00000E+0
1.03826E+2	0.00000E+0
1.03857E+2	0.00000E+0
1.03887E+2	0.00000E+0
1.03918E+2	0.00000E+0
1.03948E+2	0.00000E+0
1.03979E+2	0.00000E+0
1.04009E+2	0.00000E+0
1.04040E+2	0.00000E+0
1.04071E+2	0.00000E+0
1.04101E+2	0.00000E+0
1.04132E+2	0.00000E+0
1.04162E+2	0.00000E+0
1.04193E+2	0.00000E+0
1.04223E+2	0.00000E+0
1.04254E+2	0.00000E+0
1.04285E+2	0.00000E+0
1.04315E+2	0.00000E+0
1.04346E+2	0.00000E+0
1.04376E+2	0.00000E+0
1.04407E+2	0.00000E+0
1.04437E+2	0.00000E+0
1.04468E+2	0.00000E+0
1.04498E+2	0.00000E+0
1.04529E+2	0.00000E+0
1.04560E+2	0.00000E+0
1.04590E+2	0.00000E+0
1.04621E+2	0.00000E+0
1.04651E+2	0.00000E+0
1.04682E+2	0.00000E+0
1.04712E+2	0.00000E+0
1.04743E+2	0.00000E+0
1.04774E+2	0.00000E+0
1.04804E+2	0.00000E+0
1.04835E+2	0.00000E+0
1.04865E+2	0.00000E+0
1.04896E+2	0.00000E+0
1.04926E+2	0.00000E+0
1.04957E+2	0.00000E+0
1.04987E+2	0.00000E+0
1.05018E+2	0.00000E+0
1.05049E+2	0.00000E+0
1.05079E+2	0.00000E+0
1.05110E+2	0.00000E+0
1.05140E+2	0.00000E+0
1.05171E+2	0.00000E+0
1.05201E+2	0.00000E+0
1.05232E+2	0.00000E+0
1.05263E+2	0.00000E+0
1.05293E+2	0.00000E+0
1.05324E+2	0.00000E+0
1.05354E+2	0.00000E+0
1.05385E+2	0.00000E+0
1.05415E+2	0.00000E+0
1.05446E+2	0.00000E+0
1.05477E+2	0.00000E+0
1.05507E+2	0.00000E+0
1.05538E+2	0.00000E+0
1.05568E+2	0.00000E+0
1.05599E+2	0.00000E+0
1.05629E+2	0.00000E+0
1.05660E+2	0.00000E+0
1.05690E+2	0.00000E+0
1.05721E+2	0.00000E+0
1.05752E+2	0.00000E+0
1.05782E+2	0.00000E+0
1.05813E+2	0.00000E+0
1.05843E+2	0.00000E+0
1.05874E+2	0.00000E+0
1.05904E+2	0.00000E+0
1.05935E+2	0.00000E+0
1.05966E+2	0.00000E+0
1.05996E+2	0.00000E+0
1.06027E+2	0.00000E+0
1.06057E+2	0.00000E+0
1.06088E+2	0.00000E+0
1.06118E+2	0.00000E+0
1.06149E+2	0.00000E+0
1.06179E+2	0.00000E+0
1.06210E+2	0.00000E+0
1.06241E+2	0.00000E+0
1.06271E+2	0.00000E+0
1.06302E+2	0.00000E+0
1.06332E+2	0.00000E+0
1.06363E+2	0.00000E+0
1.06393E+2	0.00000E+0
1.06424E+2	0.00000E+0
1.06455E+2	0.00000E+0
1.06485E+2	0.00000E+0
1.06516E+2	0.00000E+0
1.06546E+2	0.00000E+0
1.06577E+2	0.00000E+0
1.06607E+2	0.00000E+0
1.06638E+2	0.00000E+0
1.06669E+2	0.00000E+0
1.06699E+2	0.00000E+0
1.06730E+2	0.00000E+0
1.06760E+2	0.00000E+0
1.06791E+2	0.00000E+0
1.06821E+2	0.00000E+0
1.06852E+2	0.00000E+0
1.06882E+2	0.00000E+0
1.06913E+2	0.00000E+0
1.06944E+2	0.00000E+0
1.06974E+2	0.00000E+0
1.07005E+2	0.00000E+0
1.07035E+2	0.00000E+0
1.07066E+2	0.00000E+0
1.07096E+2	0.00000E+0
1.07127E+2	0.00000E+0
1.07158E+2	0.00000E+0
1.07188E+2	0.00000E+0
1.07219E+2	0.00000E+0
1.07249E+2	0.00000E+0
1.07280E+2	0.00000E+0
1.07310E+2	0.00000E+0
1.07341E+2	0.00000E+0
1.07371E+2	0.00000E+0
1.07402E+2	0.00000E+0
1.07433E+2	0.00000E+0
1.07463E+2	0.00000E+0
1.07494E+2	0.00000E+0
1.07524E+2	0.00000E+0
1.07555E+2	0.00000E+0
1.07585E+2	0.00000E+0
1.07616E+2	0.00000E+0
1.07647E+2	0.00000E+0
1.07677E+2	0.00000E+0
1.07708E+2	0.00000E+0
1.07738E+2	0.00000E+0
1.07769E+2	0.00000E+0
1.07799E+2	0.00000E+0
1.07830E+2	0.00000E+0
1.07861E+2	0.00000E+0
1.07891E+2	0.00000E+0
1.07922E+2	0.00000E+0
1.07952E+2	0.00000E+0
1.07983E+2	0.00000E+0
1.08013E+2	0.00000E+0
1.08044E+2	0.00000E+0
1.08074E+2	0.00000E+0
1.08105E+2	0.00000E+0
1.08136E+2	0.00000E+0
1.08166E+2	0.00000E+0
1.08197E+2	0.00000E+0
1.08227E+2	0.00000E+0
1.08258E+2	0.00000E+0
1.08288E+2	0.00000E+0
1.08319E+2	0.00000E+0
1.08350E+2	0.00000E+0
1.08380E+2	0.00000E+0
1.08411E+2	0.00000E+0
1.08441E+2	0.00000E+0
1.08472E+2	0.00000E+0
1.08502E+2	0.00000E+0
1.08533E+2	0.00000E+0
1.08563E+2	0.00000E+0
1.08594E+2	0.00000E+0
1.08625E+2	0.00000E+0
1.08655E+2	0.00000E+0
1.08686E+2	0.00000E+0
1.08716E+2	0.00000E+0
1.08747E+2	0.00000E+0
1.08777E+2	0.00000E+0
1.08808E+2	0.00000E+0
1.08839E+2	0.00000E+0
1.08869E+2	0.00000E+0
1.08900E+2	0.00000E+0
1.08930E+2	0.00000E+0
1.08961E+2	0.00000E+0
1.08991E+2	0.00000E+0
1.09022E+2	0.00000E+0
1.09053E+2	0.00000E+0
1.09083E+2	0.00000E+0
1.09114E+2	0.00000E+0
1.09144E+2	0.00000E+0
1.09175E+2	0.00000E+0
1.09205E+2	0.00000E+0
1.09236E+2	0.00000E+0
1.09266E+2	0.00000E+0
1.09297E+2	0.00000E+0
1.09328E+2	0.00000E+0
1.09358E+2	0.00000E+0
1.09389E+2	0.00000E+0
1.09419E+2	0.00000E+0
1.09450E+2	0.00000E+0
1.09480E+2	0.00000E+0
1.09511E+2	0.00000E+0
1.09542E+2	0.00000E+0
1.09572E+2	0.00000E+0
1.09603E+2	0.00000E+0
1.09633E+2	0.00000E+0
1.09664E+2	0.00000E+0
1.09694E+2	0.00000E+0
1.09725E+2	0.00000E+0
1.09755E+2	0.00000E+0
1.09786E+2	0.00000E+0
1.09817E+2	0.00000E+0
1.09847E+2	0.00000E+0
1.09878E+2	0.00000E+0
1.09908E+2	0.00000E+0
1.09939E+2	0.00000E+0
1.09969E+2	0.00000E+0
1.10000E+2	0.00000E+0
